"","ROI","Area","Mean","Min","Max","Channel","Frame","Time","SensorName","ROIName"
"1",1,929.728,6.855,0,40,1,1,0,"CFP","Airpore Old 1"
"2",2,929.728,7.402,0,47,1,1,0,"CFP","Airpore Old 2"
"3",3,929.728,5.263,0,27,1,1,0,"CFP","Airpore Old 3"
"4",4,929.728,7.043,0,34,1,1,0,"CFP","Airpore Medium 1"
"5",5,929.728,6.426,0,37,1,1,0,"CFP","Airpore Medium 2"
"6",6,4123.441,8.568,0,45,1,1,0,"CFP","Background"
"7",1,929.728,66.771,23,214,2,1,0,"RFP","Airpore Old 1"
"8",2,929.728,70.317,15,209,2,1,0,"RFP","Airpore Old 2"
"9",3,929.728,49.732,11,154,2,1,0,"RFP","Airpore Old 3"
"10",4,929.728,63.278,15,255,2,1,0,"RFP","Airpore Medium 1"
"11",5,929.728,72.91,7,255,2,1,0,"RFP","Airpore Medium 2"
"12",6,4123.441,72.847,15,255,2,1,0,"RFP","Background"
"13",1,929.728,6.894,0,27,1,2,3,"CFP","Airpore Old 1"
"14",2,929.728,7.483,0,54,1,2,3,"CFP","Airpore Old 2"
"15",3,929.728,5.137,0,28,1,2,3,"CFP","Airpore Old 3"
"16",4,929.728,7.079,0,50,1,2,3,"CFP","Airpore Medium 1"
"17",5,929.728,6.901,0,36,1,2,3,"CFP","Airpore Medium 2"
"18",6,4123.441,8.603,0,35,1,2,3,"CFP","Background"
"19",1,929.728,66.053,19,200,2,2,3,"RFP","Airpore Old 1"
"20",2,929.728,71.267,15,201,2,2,3,"RFP","Airpore Old 2"
"21",3,929.728,50.044,7,176,2,2,3,"RFP","Airpore Old 3"
"22",4,929.728,64.384,19,255,2,2,3,"RFP","Airpore Medium 1"
"23",5,929.728,72.367,15,255,2,2,3,"RFP","Airpore Medium 2"
"24",6,4123.441,72.441,15,255,2,2,3,"RFP","Background"
"25",1,929.728,7.049,0,33,1,3,6,"CFP","Airpore Old 1"
"26",2,929.728,7.688,0,47,1,3,6,"CFP","Airpore Old 2"
"27",3,929.728,5.305,0,46,1,3,6,"CFP","Airpore Old 3"
"28",4,929.728,7.214,0,41,1,3,6,"CFP","Airpore Medium 1"
"29",5,929.728,6.47,0,31,1,3,6,"CFP","Airpore Medium 2"
"30",6,4123.441,8.63,0,43,1,3,6,"CFP","Background"
"31",1,929.728,65.635,19,212,2,3,6,"RFP","Airpore Old 1"
"32",2,929.728,70.413,15,255,2,3,6,"RFP","Airpore Old 2"
"33",3,929.728,49.608,11,143,2,3,6,"RFP","Airpore Old 3"
"34",4,929.728,63.42,15,255,2,3,6,"RFP","Airpore Medium 1"
"35",5,929.728,72.823,15,255,2,3,6,"RFP","Airpore Medium 2"
"36",6,4123.441,71.473,11,255,2,3,6,"RFP","Background"
"37",1,929.728,6.923,0,31,1,4,9,"CFP","Airpore Old 1"
"38",2,929.728,7.755,0,58,1,4,9,"CFP","Airpore Old 2"
"39",3,929.728,5.164,0,23,1,4,9,"CFP","Airpore Old 3"
"40",4,929.728,7.066,0,39,1,4,9,"CFP","Airpore Medium 1"
"41",5,929.728,6.56,0,27,1,4,9,"CFP","Airpore Medium 2"
"42",6,4123.441,8.572,0,39,1,4,9,"CFP","Background"
"43",1,929.728,65.197,19,233,2,4,9,"RFP","Airpore Old 1"
"44",2,929.728,69.74,11,255,2,4,9,"RFP","Airpore Old 2"
"45",3,929.728,48.397,7,228,2,4,9,"RFP","Airpore Old 3"
"46",4,929.728,63.17,15,255,2,4,9,"RFP","Airpore Medium 1"
"47",5,929.728,72.255,11,255,2,4,9,"RFP","Airpore Medium 2"
"48",6,4123.441,70.438,11,255,2,4,9,"RFP","Background"
"49",1,929.728,7.064,0,27,1,5,12,"CFP","Airpore Old 1"
"50",2,929.728,7.718,0,47,1,5,12,"CFP","Airpore Old 2"
"51",3,929.728,5.218,0,27,1,5,12,"CFP","Airpore Old 3"
"52",4,929.728,7.17,0,31,1,5,12,"CFP","Airpore Medium 1"
"53",5,929.728,6.607,0,27,1,5,12,"CFP","Airpore Medium 2"
"54",6,4123.441,8.656,0,40,1,5,12,"CFP","Background"
"55",1,929.728,64.407,12,232,2,5,12,"RFP","Airpore Old 1"
"56",2,929.728,69.546,11,255,2,5,12,"RFP","Airpore Old 2"
"57",3,929.728,47.962,11,189,2,5,12,"RFP","Airpore Old 3"
"58",4,929.728,62.635,12,255,2,5,12,"RFP","Airpore Medium 1"
"59",5,929.728,71.105,15,255,2,5,12,"RFP","Airpore Medium 2"
"60",6,4123.441,69.402,12,255,2,5,12,"RFP","Background"
"61",1,929.728,7.041,0,32,1,6,15,"CFP","Airpore Old 1"
"62",2,929.728,7.384,0,43,1,6,15,"CFP","Airpore Old 2"
"63",3,929.728,5.248,0,31,1,6,15,"CFP","Airpore Old 3"
"64",4,929.728,7.265,0,31,1,6,15,"CFP","Airpore Medium 1"
"65",5,929.728,6.399,0,39,1,6,15,"CFP","Airpore Medium 2"
"66",6,4123.441,8.647,0,47,1,6,15,"CFP","Background"
"67",1,929.728,64.15,19,255,2,6,15,"RFP","Airpore Old 1"
"68",2,929.728,69.592,11,255,2,6,15,"RFP","Airpore Old 2"
"69",3,929.728,47.436,7,170,2,6,15,"RFP","Airpore Old 3"
"70",4,929.728,62.471,12,255,2,6,15,"RFP","Airpore Medium 1"
"71",5,929.728,69.644,12,255,2,6,15,"RFP","Airpore Medium 2"
"72",6,4123.441,68.2,11,255,2,6,15,"RFP","Background"
"73",1,929.728,6.774,0,35,1,7,18,"CFP","Airpore Old 1"
"74",2,929.728,7.716,0,40,1,7,18,"CFP","Airpore Old 2"
"75",3,929.728,5.002,0,30,1,7,18,"CFP","Airpore Old 3"
"76",4,929.728,7.036,0,31,1,7,18,"CFP","Airpore Medium 1"
"77",5,929.728,6.384,0,36,1,7,18,"CFP","Airpore Medium 2"
"78",6,4123.441,8.419,0,35,1,7,18,"CFP","Background"
"79",1,929.728,64.621,19,246,2,7,18,"RFP","Airpore Old 1"
"80",2,929.728,69.564,12,255,2,7,18,"RFP","Airpore Old 2"
"81",3,929.728,46.947,7,181,2,7,18,"RFP","Airpore Old 3"
"82",4,929.728,61.845,15,255,2,7,18,"RFP","Airpore Medium 1"
"83",5,929.728,70.182,15,255,2,7,18,"RFP","Airpore Medium 2"
"84",6,4123.441,67.7,12,255,2,7,18,"RFP","Background"
"85",1,929.728,6.781,0,31,1,8,21,"CFP","Airpore Old 1"
"86",2,929.728,7.312,0,43,1,8,21,"CFP","Airpore Old 2"
"87",3,929.728,5.157,0,23,1,8,21,"CFP","Airpore Old 3"
"88",4,929.728,7.126,0,34,1,8,21,"CFP","Airpore Medium 1"
"89",5,929.728,6.601,0,27,1,8,21,"CFP","Airpore Medium 2"
"90",6,4123.441,8.489,0,35,1,8,21,"CFP","Background"
"91",1,929.728,63.672,15,244,2,8,21,"RFP","Airpore Old 1"
"92",2,929.728,69.577,11,255,2,8,21,"RFP","Airpore Old 2"
"93",3,929.728,45.986,3,158,2,8,21,"RFP","Airpore Old 3"
"94",4,929.728,62.418,15,255,2,8,21,"RFP","Airpore Medium 1"
"95",5,929.728,69.038,12,255,2,8,21,"RFP","Airpore Medium 2"
"96",6,4123.441,67.144,11,255,2,8,21,"RFP","Background"
"97",1,929.728,6.761,0,27,1,9,24,"CFP","Airpore Old 1"
"98",2,929.728,7.661,0,35,1,9,24,"CFP","Airpore Old 2"
"99",3,929.728,5.039,0,27,1,9,24,"CFP","Airpore Old 3"
"100",4,929.728,7.056,0,31,1,9,24,"CFP","Airpore Medium 1"
"101",5,929.728,6.412,0,39,1,9,24,"CFP","Airpore Medium 2"
"102",6,4123.441,8.238,0,35,1,9,24,"CFP","Background"
"103",1,929.728,63.299,16,255,2,9,24,"RFP","Airpore Old 1"
"104",2,929.728,68.985,12,255,2,9,24,"RFP","Airpore Old 2"
"105",3,929.728,45.813,3,174,2,9,24,"RFP","Airpore Old 3"
"106",4,929.728,62.766,15,255,2,9,24,"RFP","Airpore Medium 1"
"107",5,929.728,68.517,15,255,2,9,24,"RFP","Airpore Medium 2"
"108",6,4123.441,66.801,7,255,2,9,24,"RFP","Background"
"109",1,929.728,6.878,0,40,1,10,27,"CFP","Airpore Old 1"
"110",2,929.728,7.334,0,39,1,10,27,"CFP","Airpore Old 2"
"111",3,929.728,5.096,0,28,1,10,27,"CFP","Airpore Old 3"
"112",4,929.728,7.128,0,38,1,10,27,"CFP","Airpore Medium 1"
"113",5,929.728,6.405,0,27,1,10,27,"CFP","Airpore Medium 2"
"114",6,4123.441,8.23,0,41,1,10,27,"CFP","Background"
"115",1,929.728,64.301,19,255,2,10,27,"RFP","Airpore Old 1"
"116",2,929.728,69.625,3,255,2,10,27,"RFP","Airpore Old 2"
"117",3,929.728,45.737,7,185,2,10,27,"RFP","Airpore Old 3"
"118",4,929.728,63.061,11,255,2,10,27,"RFP","Airpore Medium 1"
"119",5,929.728,68.665,12,255,2,10,27,"RFP","Airpore Medium 2"
"120",6,4123.441,66.378,11,255,2,10,27,"RFP","Background"
"121",1,929.728,6.989,0,31,1,11,30,"CFP","Airpore Old 1"
"122",2,929.728,7.326,0,43,1,11,30,"CFP","Airpore Old 2"
"123",3,929.728,5.054,0,29,1,11,30,"CFP","Airpore Old 3"
"124",4,929.728,6.951,0,31,1,11,30,"CFP","Airpore Medium 1"
"125",5,929.728,6.349,0,27,1,11,30,"CFP","Airpore Medium 2"
"126",6,4123.441,8.242,0,47,1,11,30,"CFP","Background"
"127",1,929.728,63.867,15,255,2,11,30,"RFP","Airpore Old 1"
"128",2,929.728,68.781,15,255,2,11,30,"RFP","Airpore Old 2"
"129",3,929.728,44.93,7,205,2,11,30,"RFP","Airpore Old 3"
"130",4,929.728,62.429,11,255,2,11,30,"RFP","Airpore Medium 1"
"131",5,929.728,69.164,15,255,2,11,30,"RFP","Airpore Medium 2"
"132",6,4123.441,66.042,15,255,2,11,30,"RFP","Background"
"133",1,929.728,6.524,0,35,1,12,33,"CFP","Airpore Old 1"
"134",2,929.728,7.268,0,42,1,12,33,"CFP","Airpore Old 2"
"135",3,929.728,4.797,0,27,1,12,33,"CFP","Airpore Old 3"
"136",4,929.728,7.071,0,27,1,12,33,"CFP","Airpore Medium 1"
"137",5,929.728,6.307,0,27,1,12,33,"CFP","Airpore Medium 2"
"138",6,4123.441,8.287,0,47,1,12,33,"CFP","Background"
"139",1,929.728,64.216,20,255,2,12,33,"RFP","Airpore Old 1"
"140",2,929.728,69.074,12,255,2,12,33,"RFP","Airpore Old 2"
"141",3,929.728,44.873,3,180,2,12,33,"RFP","Airpore Old 3"
"142",4,929.728,62.676,12,255,2,12,33,"RFP","Airpore Medium 1"
"143",5,929.728,68.623,11,255,2,12,33,"RFP","Airpore Medium 2"
"144",6,4123.441,65.847,7,255,2,12,33,"RFP","Background"
"145",1,929.728,6.788,0,31,1,13,36,"CFP","Airpore Old 1"
"146",2,929.728,7.293,0,38,1,13,36,"CFP","Airpore Old 2"
"147",3,929.728,4.803,0,35,1,13,36,"CFP","Airpore Old 3"
"148",4,929.728,6.876,0,27,1,13,36,"CFP","Airpore Medium 1"
"149",5,929.728,6.204,0,33,1,13,36,"CFP","Airpore Medium 2"
"150",6,4123.441,8.199,0,37,1,13,36,"CFP","Background"
"151",1,929.728,64.257,20,255,2,13,36,"RFP","Airpore Old 1"
"152",2,929.728,69.209,12,255,2,13,36,"RFP","Airpore Old 2"
"153",3,929.728,44.464,7,162,2,13,36,"RFP","Airpore Old 3"
"154",4,929.728,62.628,15,255,2,13,36,"RFP","Airpore Medium 1"
"155",5,929.728,67.6,11,255,2,13,36,"RFP","Airpore Medium 2"
"156",6,4123.441,64.764,7,255,2,13,36,"RFP","Background"
"157",1,929.728,6.766,0,31,1,14,39,"CFP","Airpore Old 1"
"158",2,929.728,7.228,0,38,1,14,39,"CFP","Airpore Old 2"
"159",3,929.728,4.765,0,23,1,14,39,"CFP","Airpore Old 3"
"160",4,929.728,6.867,0,27,1,14,39,"CFP","Airpore Medium 1"
"161",5,929.728,5.97,0,40,1,14,39,"CFP","Airpore Medium 2"
"162",6,4123.441,8.27,0,47,1,14,39,"CFP","Background"
"163",1,929.728,64.04,19,255,2,14,39,"RFP","Airpore Old 1"
"164",2,929.728,69.263,12,255,2,14,39,"RFP","Airpore Old 2"
"165",3,929.728,44.452,0,201,2,14,39,"RFP","Airpore Old 3"
"166",4,929.728,62.719,15,255,2,14,39,"RFP","Airpore Medium 1"
"167",5,929.728,67.905,15,255,2,14,39,"RFP","Airpore Medium 2"
"168",6,4123.441,64.72,11,255,2,14,39,"RFP","Background"
"169",1,929.728,6.813,0,39,1,15,42,"CFP","Airpore Old 1"
"170",2,929.728,7.423,0,38,1,15,42,"CFP","Airpore Old 2"
"171",3,929.728,4.756,0,27,1,15,42,"CFP","Airpore Old 3"
"172",4,929.728,6.825,0,60,1,15,42,"CFP","Airpore Medium 1"
"173",5,929.728,6.062,0,30,1,15,42,"CFP","Airpore Medium 2"
"174",6,4123.441,8.101,0,35,1,15,42,"CFP","Background"
"175",1,929.728,64.059,15,255,2,15,42,"RFP","Airpore Old 1"
"176",2,929.728,68.831,8,255,2,15,42,"RFP","Airpore Old 2"
"177",3,929.728,44.533,3,230,2,15,42,"RFP","Airpore Old 3"
"178",4,929.728,62.76,11,255,2,15,42,"RFP","Airpore Medium 1"
"179",5,929.728,66.5,11,255,2,15,42,"RFP","Airpore Medium 2"
"180",6,4123.441,64.663,11,255,2,15,42,"RFP","Background"
"181",1,929.728,6.753,0,38,1,16,45,"CFP","Airpore Old 1"
"182",2,929.728,7.143,0,43,1,16,45,"CFP","Airpore Old 2"
"183",3,929.728,4.722,0,27,1,16,45,"CFP","Airpore Old 3"
"184",4,929.728,6.973,0,31,1,16,45,"CFP","Airpore Medium 1"
"185",5,929.728,5.91,0,27,1,16,45,"CFP","Airpore Medium 2"
"186",6,4123.441,8.081,0,38,1,16,45,"CFP","Background"
"187",1,929.728,64.054,15,252,2,16,45,"RFP","Airpore Old 1"
"188",2,929.728,68.219,11,255,2,16,45,"RFP","Airpore Old 2"
"189",3,929.728,44.11,3,209,2,16,45,"RFP","Airpore Old 3"
"190",4,929.728,63.371,8,255,2,16,45,"RFP","Airpore Medium 1"
"191",5,929.728,66.75,15,255,2,16,45,"RFP","Airpore Medium 2"
"192",6,4123.441,64.928,11,255,2,16,45,"RFP","Background"
"193",1,929.728,6.648,0,39,1,17,48,"CFP","Airpore Old 1"
"194",2,929.728,7.184,0,47,1,17,48,"CFP","Airpore Old 2"
"195",3,929.728,4.643,0,23,1,17,48,"CFP","Airpore Old 3"
"196",4,929.728,7.017,0,35,1,17,48,"CFP","Airpore Medium 1"
"197",5,929.728,5.81,0,31,1,17,48,"CFP","Airpore Medium 2"
"198",6,4123.441,8.059,0,42,1,17,48,"CFP","Background"
"199",1,929.728,65.797,23,255,2,17,48,"RFP","Airpore Old 1"
"200",2,929.728,69.287,11,255,2,17,48,"RFP","Airpore Old 2"
"201",3,929.728,44.141,3,214,2,17,48,"RFP","Airpore Old 3"
"202",4,929.728,62.79,15,255,2,17,48,"RFP","Airpore Medium 1"
"203",5,929.728,67.561,11,255,2,17,48,"RFP","Airpore Medium 2"
"204",6,4123.441,64.81,11,255,2,17,48,"RFP","Background"
"205",1,929.728,6.709,0,27,1,18,51,"CFP","Airpore Old 1"
"206",2,929.728,7.133,0,38,1,18,51,"CFP","Airpore Old 2"
"207",3,929.728,4.635,0,31,1,18,51,"CFP","Airpore Old 3"
"208",4,929.728,6.813,0,35,1,18,51,"CFP","Airpore Medium 1"
"209",5,929.728,5.952,0,27,1,18,51,"CFP","Airpore Medium 2"
"210",6,4123.441,8.124,0,59,1,18,51,"CFP","Background"
"211",1,929.728,66.423,19,255,2,18,51,"RFP","Airpore Old 1"
"212",2,929.728,68.898,11,255,2,18,51,"RFP","Airpore Old 2"
"213",3,929.728,44.022,3,208,2,18,51,"RFP","Airpore Old 3"
"214",4,929.728,62.475,15,255,2,18,51,"RFP","Airpore Medium 1"
"215",5,929.728,66.972,15,255,2,18,51,"RFP","Airpore Medium 2"
"216",6,4123.441,65.018,12,255,2,18,51,"RFP","Background"
"217",1,929.728,6.592,0,38,1,19,54,"CFP","Airpore Old 1"
"218",2,929.728,6.88,0,39,1,19,54,"CFP","Airpore Old 2"
"219",3,929.728,4.561,0,27,1,19,54,"CFP","Airpore Old 3"
"220",4,929.728,6.993,0,27,1,19,54,"CFP","Airpore Medium 1"
"221",5,929.728,5.936,0,31,1,19,54,"CFP","Airpore Medium 2"
"222",6,4123.441,8.029,0,66,1,19,54,"CFP","Background"
"223",1,929.728,66.525,19,255,2,19,54,"RFP","Airpore Old 1"
"224",2,929.728,68.941,11,255,2,19,54,"RFP","Airpore Old 2"
"225",3,929.728,44.525,3,221,2,19,54,"RFP","Airpore Old 3"
"226",4,929.728,63.458,15,255,2,19,54,"RFP","Airpore Medium 1"
"227",5,929.728,66.981,12,255,2,19,54,"RFP","Airpore Medium 2"
"228",6,4123.441,64.584,11,255,2,19,54,"RFP","Background"
"229",1,929.728,6.731,0,46,1,20,57,"CFP","Airpore Old 1"
"230",2,929.728,7.046,0,54,1,20,57,"CFP","Airpore Old 2"
"231",3,929.728,4.609,0,24,1,20,57,"CFP","Airpore Old 3"
"232",4,929.728,7.025,0,48,1,20,57,"CFP","Airpore Medium 1"
"233",5,929.728,5.958,0,27,1,20,57,"CFP","Airpore Medium 2"
"234",6,4123.441,8.16,0,39,1,20,57,"CFP","Background"
"235",1,929.728,65.556,19,255,2,20,57,"RFP","Airpore Old 1"
"236",2,929.728,69.897,15,255,2,20,57,"RFP","Airpore Old 2"
"237",3,929.728,43.963,7,229,2,20,57,"RFP","Airpore Old 3"
"238",4,929.728,63.399,15,255,2,20,57,"RFP","Airpore Medium 1"
"239",5,929.728,65.905,15,255,2,20,57,"RFP","Airpore Medium 2"
"240",6,4123.441,64.77,12,255,2,20,57,"RFP","Background"
"241",1,929.728,6.456,0,35,1,21,60,"CFP","Airpore Old 1"
"242",2,929.728,6.939,0,50,1,21,60,"CFP","Airpore Old 2"
"243",3,929.728,4.596,0,27,1,21,60,"CFP","Airpore Old 3"
"244",4,929.728,6.865,0,27,1,21,60,"CFP","Airpore Medium 1"
"245",5,929.728,5.845,0,24,1,21,60,"CFP","Airpore Medium 2"
"246",6,4123.441,8.067,0,44,1,21,60,"CFP","Background"
"247",1,929.728,66.983,23,255,2,21,60,"RFP","Airpore Old 1"
"248",2,929.728,69.46,7,255,2,21,60,"RFP","Airpore Old 2"
"249",3,929.728,44.187,3,246,2,21,60,"RFP","Airpore Old 3"
"250",4,929.728,63.616,11,255,2,21,60,"RFP","Airpore Medium 1"
"251",5,929.728,66.31,11,255,2,21,60,"RFP","Airpore Medium 2"
"252",6,4123.441,64.807,11,255,2,21,60,"RFP","Background"
"253",1,929.728,6.895,0,34,1,22,63,"CFP","Airpore Old 1"
"254",2,929.728,7.059,0,46,1,22,63,"CFP","Airpore Old 2"
"255",3,929.728,4.71,0,27,1,22,63,"CFP","Airpore Old 3"
"256",4,929.728,6.713,0,31,1,22,63,"CFP","Airpore Medium 1"
"257",5,929.728,5.876,0,27,1,22,63,"CFP","Airpore Medium 2"
"258",6,4123.441,7.971,0,44,1,22,63,"CFP","Background"
"259",1,929.728,67.225,15,255,2,22,63,"RFP","Airpore Old 1"
"260",2,929.728,69.551,8,255,2,22,63,"RFP","Airpore Old 2"
"261",3,929.728,44.265,3,255,2,22,63,"RFP","Airpore Old 3"
"262",4,929.728,63.851,15,255,2,22,63,"RFP","Airpore Medium 1"
"263",5,929.728,66.273,11,255,2,22,63,"RFP","Airpore Medium 2"
"264",6,4123.441,64.6,12,255,2,22,63,"RFP","Background"
"265",1,929.728,6.572,0,31,1,23,66,"CFP","Airpore Old 1"
"266",2,929.728,6.819,0,35,1,23,66,"CFP","Airpore Old 2"
"267",3,929.728,4.488,0,19,1,23,66,"CFP","Airpore Old 3"
"268",4,929.728,6.719,0,35,1,23,66,"CFP","Airpore Medium 1"
"269",5,929.728,5.97,0,34,1,23,66,"CFP","Airpore Medium 2"
"270",6,4123.441,7.932,0,52,1,23,66,"CFP","Background"
"271",1,929.728,67.589,19,255,2,23,66,"RFP","Airpore Old 1"
"272",2,929.728,69.508,11,255,2,23,66,"RFP","Airpore Old 2"
"273",3,929.728,43.562,7,255,2,23,66,"RFP","Airpore Old 3"
"274",4,929.728,63.607,11,255,2,23,66,"RFP","Airpore Medium 1"
"275",5,929.728,65.297,15,255,2,23,66,"RFP","Airpore Medium 2"
"276",6,4123.441,64.581,12,236,2,23,66,"RFP","Background"
"277",1,929.728,6.621,0,35,1,24,69,"CFP","Airpore Old 1"
"278",2,929.728,6.905,0,35,1,24,69,"CFP","Airpore Old 2"
"279",3,929.728,4.705,0,23,1,24,69,"CFP","Airpore Old 3"
"280",4,929.728,6.969,0,31,1,24,69,"CFP","Airpore Medium 1"
"281",5,929.728,6.001,0,46,1,24,69,"CFP","Airpore Medium 2"
"282",6,4123.441,8.005,0,40,1,24,69,"CFP","Background"
"283",1,929.728,67.921,15,255,2,24,69,"RFP","Airpore Old 1"
"284",2,929.728,69.519,11,255,2,24,69,"RFP","Airpore Old 2"
"285",3,929.728,43.728,3,255,2,24,69,"RFP","Airpore Old 3"
"286",4,929.728,64.018,11,255,2,24,69,"RFP","Airpore Medium 1"
"287",5,929.728,65.909,12,255,2,24,69,"RFP","Airpore Medium 2"
"288",6,4123.441,64.905,11,229,2,24,69,"RFP","Background"
"289",1,929.728,6.512,0,27,1,25,72,"CFP","Airpore Old 1"
"290",2,929.728,6.949,0,43,1,25,72,"CFP","Airpore Old 2"
"291",3,929.728,4.546,0,27,1,25,72,"CFP","Airpore Old 3"
"292",4,929.728,6.912,0,36,1,25,72,"CFP","Airpore Medium 1"
"293",5,929.728,5.82,0,30,1,25,72,"CFP","Airpore Medium 2"
"294",6,4123.441,8.02,0,39,1,25,72,"CFP","Background"
"295",1,929.728,68.082,19,255,2,25,72,"RFP","Airpore Old 1"
"296",2,929.728,70.308,15,255,2,25,72,"RFP","Airpore Old 2"
"297",3,929.728,43.214,7,255,2,25,72,"RFP","Airpore Old 3"
"298",4,929.728,63.833,12,255,2,25,72,"RFP","Airpore Medium 1"
"299",5,929.728,65.047,11,255,2,25,72,"RFP","Airpore Medium 2"
"300",6,4123.441,64.874,11,255,2,25,72,"RFP","Background"
"301",1,929.728,6.542,0,38,1,26,75,"CFP","Airpore Old 1"
"302",2,929.728,7.109,0,43,1,26,75,"CFP","Airpore Old 2"
"303",3,929.728,4.566,0,27,1,26,75,"CFP","Airpore Old 3"
"304",4,929.728,7.083,0,46,1,26,75,"CFP","Airpore Medium 1"
"305",5,929.728,5.973,0,31,1,26,75,"CFP","Airpore Medium 2"
"306",6,4123.441,7.943,0,50,1,26,75,"CFP","Background"
"307",1,929.728,68.325,15,255,2,26,75,"RFP","Airpore Old 1"
"308",2,929.728,70.222,11,255,2,26,75,"RFP","Airpore Old 2"
"309",3,929.728,43.544,7,255,2,26,75,"RFP","Airpore Old 3"
"310",4,929.728,62.71,12,255,2,26,75,"RFP","Airpore Medium 1"
"311",5,929.728,64.606,15,255,2,26,75,"RFP","Airpore Medium 2"
"312",6,4123.441,64.497,8,249,2,26,75,"RFP","Background"
"313",1,929.728,6.645,0,31,1,27,78,"CFP","Airpore Old 1"
"314",2,929.728,6.958,0,35,1,27,78,"CFP","Airpore Old 2"
"315",3,929.728,4.544,0,23,1,27,78,"CFP","Airpore Old 3"
"316",4,929.728,6.774,0,52,1,27,78,"CFP","Airpore Medium 1"
"317",5,929.728,5.883,0,35,1,27,78,"CFP","Airpore Medium 2"
"318",6,4123.441,7.962,0,51,1,27,78,"CFP","Background"
"319",1,929.728,68.194,19,255,2,27,78,"RFP","Airpore Old 1"
"320",2,929.728,69.204,7,255,2,27,78,"RFP","Airpore Old 2"
"321",3,929.728,42.981,7,255,2,27,78,"RFP","Airpore Old 3"
"322",4,929.728,61.852,15,255,2,27,78,"RFP","Airpore Medium 1"
"323",5,929.728,64.415,11,255,2,27,78,"RFP","Airpore Medium 2"
"324",6,4123.441,64.787,8,255,2,27,78,"RFP","Background"
"325",1,929.728,6.47,0,35,1,28,81,"CFP","Airpore Old 1"
"326",2,929.728,6.841,0,40,1,28,81,"CFP","Airpore Old 2"
"327",3,929.728,4.54,0,27,1,28,81,"CFP","Airpore Old 3"
"328",4,929.728,6.826,0,35,1,28,81,"CFP","Airpore Medium 1"
"329",5,929.728,6.045,0,35,1,28,81,"CFP","Airpore Medium 2"
"330",6,4123.441,7.821,0,39,1,28,81,"CFP","Background"
"331",1,929.728,69.369,20,255,2,28,81,"RFP","Airpore Old 1"
"332",2,929.728,68.858,15,255,2,28,81,"RFP","Airpore Old 2"
"333",3,929.728,42.805,7,255,2,28,81,"RFP","Airpore Old 3"
"334",4,929.728,62.617,12,255,2,28,81,"RFP","Airpore Medium 1"
"335",5,929.728,64.373,15,255,2,28,81,"RFP","Airpore Medium 2"
"336",6,4123.441,64.51,11,238,2,28,81,"RFP","Background"
"337",1,929.728,6.502,0,31,1,29,84,"CFP","Airpore Old 1"
"338",2,929.728,6.746,0,31,1,29,84,"CFP","Airpore Old 2"
"339",3,929.728,4.544,0,23,1,29,84,"CFP","Airpore Old 3"
"340",4,929.728,6.815,0,27,1,29,84,"CFP","Airpore Medium 1"
"341",5,929.728,5.845,0,34,1,29,84,"CFP","Airpore Medium 2"
"342",6,4123.441,7.887,0,54,1,29,84,"CFP","Background"
"343",1,929.728,68.721,19,255,2,29,84,"RFP","Airpore Old 1"
"344",2,929.728,68.613,11,255,2,29,84,"RFP","Airpore Old 2"
"345",3,929.728,42.36,3,255,2,29,84,"RFP","Airpore Old 3"
"346",4,929.728,62.201,15,255,2,29,84,"RFP","Airpore Medium 1"
"347",5,929.728,64.15,7,255,2,29,84,"RFP","Airpore Medium 2"
"348",6,4123.441,63.975,11,242,2,29,84,"RFP","Background"
"349",1,929.728,6.685,0,33,1,30,87,"CFP","Airpore Old 1"
"350",2,929.728,6.771,0,31,1,30,87,"CFP","Airpore Old 2"
"351",3,929.728,4.35,0,24,1,30,87,"CFP","Airpore Old 3"
"352",4,929.728,6.792,0,27,1,30,87,"CFP","Airpore Medium 1"
"353",5,929.728,5.748,0,27,1,30,87,"CFP","Airpore Medium 2"
"354",6,4123.441,7.68,0,39,1,30,87,"CFP","Background"
"355",1,929.728,69.19,19,255,2,30,87,"RFP","Airpore Old 1"
"356",2,929.728,69.246,15,255,2,30,87,"RFP","Airpore Old 2"
"357",3,929.728,42.447,7,252,2,30,87,"RFP","Airpore Old 3"
"358",4,929.728,62.544,12,255,2,30,87,"RFP","Airpore Medium 1"
"359",5,929.728,64.17,11,255,2,30,87,"RFP","Airpore Medium 2"
"360",6,4123.441,64.573,12,224,2,30,87,"RFP","Background"
"361",1,929.728,6.619,0,31,1,31,90,"CFP","Airpore Old 1"
"362",2,929.728,6.902,0,31,1,31,90,"CFP","Airpore Old 2"
"363",3,929.728,4.571,0,27,1,31,90,"CFP","Airpore Old 3"
"364",4,929.728,6.837,0,31,1,31,90,"CFP","Airpore Medium 1"
"365",5,929.728,5.743,0,27,1,31,90,"CFP","Airpore Medium 2"
"366",6,4123.441,7.93,0,42,1,31,90,"CFP","Background"
"367",1,929.728,69.431,19,255,2,31,90,"RFP","Airpore Old 1"
"368",2,929.728,68.883,12,255,2,31,90,"RFP","Airpore Old 2"
"369",3,929.728,42.353,3,255,2,31,90,"RFP","Airpore Old 3"
"370",4,929.728,62.451,19,255,2,31,90,"RFP","Airpore Medium 1"
"371",5,929.728,64.663,3,255,2,31,90,"RFP","Airpore Medium 2"
"372",6,4123.441,64.698,7,229,2,31,90,"RFP","Background"
"373",1,929.728,6.555,0,27,1,32,93,"CFP","Airpore Old 1"
"374",2,929.728,6.937,0,58,1,32,93,"CFP","Airpore Old 2"
"375",3,929.728,4.53,0,31,1,32,93,"CFP","Airpore Old 3"
"376",4,929.728,6.759,0,44,1,32,93,"CFP","Airpore Medium 1"
"377",5,929.728,5.71,0,27,1,32,93,"CFP","Airpore Medium 2"
"378",6,4123.441,7.824,0,39,1,32,93,"CFP","Background"
"379",1,929.728,70.162,19,255,2,32,93,"RFP","Airpore Old 1"
"380",2,929.728,68.747,15,255,2,32,93,"RFP","Airpore Old 2"
"381",3,929.728,42.479,3,255,2,32,93,"RFP","Airpore Old 3"
"382",4,929.728,62.072,15,255,2,32,93,"RFP","Airpore Medium 1"
"383",5,929.728,64.069,11,255,2,32,93,"RFP","Airpore Medium 2"
"384",6,4123.441,65.13,8,255,2,32,93,"RFP","Background"
"385",1,929.728,6.413,0,34,1,33,96,"CFP","Airpore Old 1"
"386",2,929.728,6.751,0,38,1,33,96,"CFP","Airpore Old 2"
"387",3,929.728,4.29,0,26,1,33,96,"CFP","Airpore Old 3"
"388",4,929.728,6.98,0,27,1,33,96,"CFP","Airpore Medium 1"
"389",5,929.728,5.814,0,27,1,33,96,"CFP","Airpore Medium 2"
"390",6,4123.441,7.88,0,46,1,33,96,"CFP","Background"
"391",1,929.728,71.328,19,255,2,33,96,"RFP","Airpore Old 1"
"392",2,929.728,69.025,15,255,2,33,96,"RFP","Airpore Old 2"
"393",3,929.728,41.6,3,255,2,33,96,"RFP","Airpore Old 3"
"394",4,929.728,62.994,19,255,2,33,96,"RFP","Airpore Medium 1"
"395",5,929.728,62.766,15,255,2,33,96,"RFP","Airpore Medium 2"
"396",6,4123.441,64.945,11,244,2,33,96,"RFP","Background"
"397",1,929.728,6.65,0,27,1,34,99,"CFP","Airpore Old 1"
"398",2,929.728,6.816,0,46,1,34,99,"CFP","Airpore Old 2"
"399",3,929.728,4.388,0,23,1,34,99,"CFP","Airpore Old 3"
"400",4,929.728,6.779,0,31,1,34,99,"CFP","Airpore Medium 1"
"401",5,929.728,5.921,0,31,1,34,99,"CFP","Airpore Medium 2"
"402",6,4123.441,7.876,0,50,1,34,99,"CFP","Background"
"403",1,929.728,71.507,19,255,2,34,99,"RFP","Airpore Old 1"
"404",2,929.728,68.802,15,255,2,34,99,"RFP","Airpore Old 2"
"405",3,929.728,42.171,7,255,2,34,99,"RFP","Airpore Old 3"
"406",4,929.728,62.101,15,255,2,34,99,"RFP","Airpore Medium 1"
"407",5,929.728,63.243,7,255,2,34,99,"RFP","Airpore Medium 2"
"408",6,4123.441,65.332,11,255,2,34,99,"RFP","Background"
"409",1,929.728,6.525,0,39,1,35,102,"CFP","Airpore Old 1"
"410",2,929.728,6.968,0,35,1,35,102,"CFP","Airpore Old 2"
"411",3,929.728,4.71,0,34,1,35,102,"CFP","Airpore Old 3"
"412",4,929.728,6.991,0,27,1,35,102,"CFP","Airpore Medium 1"
"413",5,929.728,5.761,0,54,1,35,102,"CFP","Airpore Medium 2"
"414",6,4123.441,7.903,0,36,1,35,102,"CFP","Background"
"415",1,929.728,72.028,19,255,2,35,102,"RFP","Airpore Old 1"
"416",2,929.728,69.109,0,255,2,35,102,"RFP","Airpore Old 2"
"417",3,929.728,42.051,3,255,2,35,102,"RFP","Airpore Old 3"
"418",4,929.728,62.721,15,255,2,35,102,"RFP","Airpore Medium 1"
"419",5,929.728,62.389,3,255,2,35,102,"RFP","Airpore Medium 2"
"420",6,4123.441,65.502,11,218,2,35,102,"RFP","Background"
"421",1,929.728,6.764,0,34,1,36,105,"CFP","Airpore Old 1"
"422",2,929.728,6.627,0,31,1,36,105,"CFP","Airpore Old 2"
"423",3,929.728,4.348,0,27,1,36,105,"CFP","Airpore Old 3"
"424",4,929.728,6.965,0,35,1,36,105,"CFP","Airpore Medium 1"
"425",5,929.728,5.797,0,27,1,36,105,"CFP","Airpore Medium 2"
"426",6,4123.441,7.788,0,43,1,36,105,"CFP","Background"
"427",1,929.728,71.371,11,255,2,36,105,"RFP","Airpore Old 1"
"428",2,929.728,69.167,11,255,2,36,105,"RFP","Airpore Old 2"
"429",3,929.728,41.641,7,255,2,36,105,"RFP","Airpore Old 3"
"430",4,929.728,62.228,11,255,2,36,105,"RFP","Airpore Medium 1"
"431",5,929.728,63.171,11,255,2,36,105,"RFP","Airpore Medium 2"
"432",6,4123.441,65.505,7,255,2,36,105,"RFP","Background"
"433",1,929.728,6.333,0,31,1,37,108,"CFP","Airpore Old 1"
"434",2,929.728,6.913,0,31,1,37,108,"CFP","Airpore Old 2"
"435",3,929.728,4.373,0,23,1,37,108,"CFP","Airpore Old 3"
"436",4,929.728,6.92,0,31,1,37,108,"CFP","Airpore Medium 1"
"437",5,929.728,5.714,0,27,1,37,108,"CFP","Airpore Medium 2"
"438",6,4123.441,7.821,0,40,1,37,108,"CFP","Background"
"439",1,929.728,71.94,15,255,2,37,108,"RFP","Airpore Old 1"
"440",2,929.728,69.311,11,255,2,37,108,"RFP","Airpore Old 2"
"441",3,929.728,40.756,3,255,2,37,108,"RFP","Airpore Old 3"
"442",4,929.728,62.194,15,255,2,37,108,"RFP","Airpore Medium 1"
"443",5,929.728,62.273,15,255,2,37,108,"RFP","Airpore Medium 2"
"444",6,4123.441,65.611,8,238,2,37,108,"RFP","Background"
"445",1,929.728,6.804,0,31,1,38,111,"CFP","Airpore Old 1"
"446",2,929.728,6.847,0,36,1,38,111,"CFP","Airpore Old 2"
"447",3,929.728,4.485,0,32,1,38,111,"CFP","Airpore Old 3"
"448",4,929.728,6.803,0,31,1,38,111,"CFP","Airpore Medium 1"
"449",5,929.728,5.827,0,28,1,38,111,"CFP","Airpore Medium 2"
"450",6,4123.441,7.858,0,39,1,38,111,"CFP","Background"
"451",1,929.728,71.957,20,255,2,38,111,"RFP","Airpore Old 1"
"452",2,929.728,69.287,12,255,2,38,111,"RFP","Airpore Old 2"
"453",3,929.728,41.396,7,255,2,38,111,"RFP","Airpore Old 3"
"454",4,929.728,62.037,15,255,2,38,111,"RFP","Airpore Medium 1"
"455",5,929.728,62.418,11,255,2,38,111,"RFP","Airpore Medium 2"
"456",6,4123.441,65.545,12,231,2,38,111,"RFP","Background"
"457",1,929.728,6.582,0,31,1,39,114,"CFP","Airpore Old 1"
"458",2,929.728,6.999,0,35,1,39,114,"CFP","Airpore Old 2"
"459",3,929.728,4.345,0,20,1,39,114,"CFP","Airpore Old 3"
"460",4,929.728,7.092,0,46,1,39,114,"CFP","Airpore Medium 1"
"461",5,929.728,5.553,0,40,1,39,114,"CFP","Airpore Medium 2"
"462",6,4123.441,7.885,0,41,1,39,114,"CFP","Background"
"463",1,929.728,72.739,12,255,2,39,114,"RFP","Airpore Old 1"
"464",2,929.728,68.588,15,255,2,39,114,"RFP","Airpore Old 2"
"465",3,929.728,41.216,3,255,2,39,114,"RFP","Airpore Old 3"
"466",4,929.728,62.216,12,255,2,39,114,"RFP","Airpore Medium 1"
"467",5,929.728,62.546,15,255,2,39,114,"RFP","Airpore Medium 2"
"468",6,4123.441,65.915,3,255,2,39,114,"RFP","Background"
"469",1,929.728,6.697,0,34,1,40,117,"CFP","Airpore Old 1"
"470",2,929.728,7.017,0,35,1,40,117,"CFP","Airpore Old 2"
"471",3,929.728,4.14,0,56,1,40,117,"CFP","Airpore Old 3"
"472",4,929.728,6.789,0,38,1,40,117,"CFP","Airpore Medium 1"
"473",5,929.728,5.604,0,28,1,40,117,"CFP","Airpore Medium 2"
"474",6,4123.441,7.915,0,55,1,40,117,"CFP","Background"
"475",1,929.728,73.684,19,255,2,40,117,"RFP","Airpore Old 1"
"476",2,929.728,69.389,12,255,2,40,117,"RFP","Airpore Old 2"
"477",3,929.728,40.776,3,255,2,40,117,"RFP","Airpore Old 3"
"478",4,929.728,62.53,15,255,2,40,117,"RFP","Airpore Medium 1"
"479",5,929.728,61.591,7,255,2,40,117,"RFP","Airpore Medium 2"
"480",6,4123.441,66.071,11,255,2,40,117,"RFP","Background"
"481",1,929.728,6.597,0,39,1,41,120,"CFP","Airpore Old 1"
"482",2,929.728,6.979,0,35,1,41,120,"CFP","Airpore Old 2"
"483",3,929.728,4.413,0,23,1,41,120,"CFP","Airpore Old 3"
"484",4,929.728,6.66,0,38,1,41,120,"CFP","Airpore Medium 1"
"485",5,929.728,5.687,0,28,1,41,120,"CFP","Airpore Medium 2"
"486",6,4123.441,7.961,0,43,1,41,120,"CFP","Background"
"487",1,929.728,72.999,19,255,2,41,120,"RFP","Airpore Old 1"
"488",2,929.728,67.982,15,255,2,41,120,"RFP","Airpore Old 2"
"489",3,929.728,40.752,3,255,2,41,120,"RFP","Airpore Old 3"
"490",4,929.728,61.343,15,255,2,41,120,"RFP","Airpore Medium 1"
"491",5,929.728,61.855,12,255,2,41,120,"RFP","Airpore Medium 2"
"492",6,4123.441,66.046,11,255,2,41,120,"RFP","Background"
"493",1,929.728,6.682,0,31,1,42,123,"CFP","Airpore Old 1"
"494",2,929.728,6.89,0,31,1,42,123,"CFP","Airpore Old 2"
"495",3,929.728,4.475,0,24,1,42,123,"CFP","Airpore Old 3"
"496",4,929.728,6.726,0,27,1,42,123,"CFP","Airpore Medium 1"
"497",5,929.728,5.676,0,34,1,42,123,"CFP","Airpore Medium 2"
"498",6,4123.441,7.881,0,50,1,42,123,"CFP","Background"
"499",1,929.728,73.992,15,255,2,42,123,"RFP","Airpore Old 1"
"500",2,929.728,68.269,11,255,2,42,123,"RFP","Airpore Old 2"
"501",3,929.728,39.957,7,209,2,42,123,"RFP","Airpore Old 3"
"502",4,929.728,61.467,15,255,2,42,123,"RFP","Airpore Medium 1"
"503",5,929.728,61.531,11,255,2,42,123,"RFP","Airpore Medium 2"
"504",6,4123.441,65.849,11,255,2,42,123,"RFP","Background"
"505",1,929.728,6.801,0,37,1,43,126,"CFP","Airpore Old 1"
"506",2,929.728,6.752,0,35,1,43,126,"CFP","Airpore Old 2"
"507",3,929.728,4.43,0,27,1,43,126,"CFP","Airpore Old 3"
"508",4,929.728,6.84,0,31,1,43,126,"CFP","Airpore Medium 1"
"509",5,929.728,5.648,0,38,1,43,126,"CFP","Airpore Medium 2"
"510",6,4123.441,7.976,0,50,1,43,126,"CFP","Background"
"511",1,929.728,72.688,15,255,2,43,126,"RFP","Airpore Old 1"
"512",2,929.728,67.637,8,255,2,43,126,"RFP","Airpore Old 2"
"513",3,929.728,40.237,7,226,2,43,126,"RFP","Airpore Old 3"
"514",4,929.728,61.836,11,255,2,43,126,"RFP","Airpore Medium 1"
"515",5,929.728,61.257,11,255,2,43,126,"RFP","Airpore Medium 2"
"516",6,4123.441,66.3,12,255,2,43,126,"RFP","Background"
"517",1,929.728,6.666,0,34,1,44,129,"CFP","Airpore Old 1"
"518",2,929.728,6.96,0,31,1,44,129,"CFP","Airpore Old 2"
"519",3,929.728,4.439,0,23,1,44,129,"CFP","Airpore Old 3"
"520",4,929.728,6.82,0,32,1,44,129,"CFP","Airpore Medium 1"
"521",5,929.728,5.801,0,31,1,44,129,"CFP","Airpore Medium 2"
"522",6,4123.441,7.889,0,39,1,44,129,"CFP","Background"
"523",1,929.728,74.247,19,255,2,44,129,"RFP","Airpore Old 1"
"524",2,929.728,68.266,15,255,2,44,129,"RFP","Airpore Old 2"
"525",3,929.728,40.638,3,214,2,44,129,"RFP","Airpore Old 3"
"526",4,929.728,60.625,12,255,2,44,129,"RFP","Airpore Medium 1"
"527",5,929.728,59.9,15,255,2,44,129,"RFP","Airpore Medium 2"
"528",6,4123.441,66.136,11,255,2,44,129,"RFP","Background"
"529",1,929.728,6.716,0,52,1,45,132,"CFP","Airpore Old 1"
"530",2,929.728,6.925,0,40,1,45,132,"CFP","Airpore Old 2"
"531",3,929.728,4.325,0,23,1,45,132,"CFP","Airpore Old 3"
"532",4,929.728,6.704,0,28,1,45,132,"CFP","Airpore Medium 1"
"533",5,929.728,5.724,0,28,1,45,132,"CFP","Airpore Medium 2"
"534",6,4123.441,8.025,0,48,1,45,132,"CFP","Background"
"535",1,929.728,73.409,15,255,2,45,132,"RFP","Airpore Old 1"
"536",2,929.728,68.249,11,255,2,45,132,"RFP","Airpore Old 2"
"537",3,929.728,39.912,3,230,2,45,132,"RFP","Airpore Old 3"
"538",4,929.728,60.284,15,255,2,45,132,"RFP","Airpore Medium 1"
"539",5,929.728,60.327,11,255,2,45,132,"RFP","Airpore Medium 2"
"540",6,4123.441,66.222,11,249,2,45,132,"RFP","Background"
"541",1,929.728,6.734,0,40,1,46,135,"CFP","Airpore Old 1"
"542",2,929.728,6.891,0,35,1,46,135,"CFP","Airpore Old 2"
"543",3,929.728,4.283,0,27,1,46,135,"CFP","Airpore Old 3"
"544",4,929.728,6.71,0,33,1,46,135,"CFP","Airpore Medium 1"
"545",5,929.728,5.677,0,24,1,46,135,"CFP","Airpore Medium 2"
"546",6,4123.441,8.04,0,43,1,46,135,"CFP","Background"
"547",1,929.728,74.18,19,255,2,46,135,"RFP","Airpore Old 1"
"548",2,929.728,67.635,15,255,2,46,135,"RFP","Airpore Old 2"
"549",3,929.728,39.68,3,250,2,46,135,"RFP","Airpore Old 3"
"550",4,929.728,60.842,12,255,2,46,135,"RFP","Airpore Medium 1"
"551",5,929.728,60.17,15,255,2,46,135,"RFP","Airpore Medium 2"
"552",6,4123.441,66.434,12,255,2,46,135,"RFP","Background"
"553",1,929.728,6.449,0,31,1,47,138,"CFP","Airpore Old 1"
"554",2,929.728,6.981,0,42,1,47,138,"CFP","Airpore Old 2"
"555",3,929.728,4.412,0,26,1,47,138,"CFP","Airpore Old 3"
"556",4,929.728,6.844,0,31,1,47,138,"CFP","Airpore Medium 1"
"557",5,929.728,5.752,0,29,1,47,138,"CFP","Airpore Medium 2"
"558",6,4123.441,8.054,0,47,1,47,138,"CFP","Background"
"559",1,929.728,74.855,19,255,2,47,138,"RFP","Airpore Old 1"
"560",2,929.728,67.805,8,255,2,47,138,"RFP","Airpore Old 2"
"561",3,929.728,39.435,3,245,2,47,138,"RFP","Airpore Old 3"
"562",4,929.728,61.278,11,255,2,47,138,"RFP","Airpore Medium 1"
"563",5,929.728,59.388,11,255,2,47,138,"RFP","Airpore Medium 2"
"564",6,4123.441,66.969,7,255,2,47,138,"RFP","Background"
"565",1,929.728,6.673,0,31,1,48,141,"CFP","Airpore Old 1"
"566",2,929.728,6.903,0,39,1,48,141,"CFP","Airpore Old 2"
"567",3,929.728,4.52,0,35,1,48,141,"CFP","Airpore Old 3"
"568",4,929.728,6.718,0,27,1,48,141,"CFP","Airpore Medium 1"
"569",5,929.728,5.76,0,32,1,48,141,"CFP","Airpore Medium 2"
"570",6,4123.441,8.043,0,50,1,48,141,"CFP","Background"
"571",1,929.728,74.972,15,255,2,48,141,"RFP","Airpore Old 1"
"572",2,929.728,68.23,12,255,2,48,141,"RFP","Airpore Old 2"
"573",3,929.728,39.302,0,255,2,48,141,"RFP","Airpore Old 3"
"574",4,929.728,60.845,15,255,2,48,141,"RFP","Airpore Medium 1"
"575",5,929.728,59.635,15,255,2,48,141,"RFP","Airpore Medium 2"
"576",6,4123.441,67.185,11,255,2,48,141,"RFP","Background"
"577",1,929.728,6.769,0,31,1,49,144,"CFP","Airpore Old 1"
"578",2,929.728,6.777,0,35,1,49,144,"CFP","Airpore Old 2"
"579",3,929.728,4.573,0,27,1,49,144,"CFP","Airpore Old 3"
"580",4,929.728,6.95,0,35,1,49,144,"CFP","Airpore Medium 1"
"581",5,929.728,5.733,0,52,1,49,144,"CFP","Airpore Medium 2"
"582",6,4123.441,8.083,0,43,1,49,144,"CFP","Background"
"583",1,929.728,76.837,20,255,2,49,144,"RFP","Airpore Old 1"
"584",2,929.728,68.358,15,255,2,49,144,"RFP","Airpore Old 2"
"585",3,929.728,39.531,3,235,2,49,144,"RFP","Airpore Old 3"
"586",4,929.728,60.701,15,255,2,49,144,"RFP","Airpore Medium 1"
"587",5,929.728,59.557,12,255,2,49,144,"RFP","Airpore Medium 2"
"588",6,4123.441,67.47,8,255,2,49,144,"RFP","Background"
"589",1,929.728,6.957,0,39,1,50,147,"CFP","Airpore Old 1"
"590",2,929.728,6.946,0,35,1,50,147,"CFP","Airpore Old 2"
"591",3,929.728,4.409,0,20,1,50,147,"CFP","Airpore Old 3"
"592",4,929.728,7.077,0,33,1,50,147,"CFP","Airpore Medium 1"
"593",5,929.728,5.695,0,31,1,50,147,"CFP","Airpore Medium 2"
"594",6,4123.441,8.163,0,47,1,50,147,"CFP","Background"
"595",1,929.728,76.519,15,255,2,50,147,"RFP","Airpore Old 1"
"596",2,929.728,68.023,11,255,2,50,147,"RFP","Airpore Old 2"
"597",3,929.728,38.616,3,230,2,50,147,"RFP","Airpore Old 3"
"598",4,929.728,60.928,11,255,2,50,147,"RFP","Airpore Medium 1"
"599",5,929.728,60.143,11,253,2,50,147,"RFP","Airpore Medium 2"
"600",6,4123.441,67.51,11,255,2,50,147,"RFP","Background"
"601",1,929.728,6.886,0,34,1,51,150,"CFP","Airpore Old 1"
"602",2,929.728,7.039,0,36,1,51,150,"CFP","Airpore Old 2"
"603",3,929.728,4.302,0,26,1,51,150,"CFP","Airpore Old 3"
"604",4,929.728,6.774,0,32,1,51,150,"CFP","Airpore Medium 1"
"605",5,929.728,5.801,0,27,1,51,150,"CFP","Airpore Medium 2"
"606",6,4123.441,8.235,0,51,1,51,150,"CFP","Background"
"607",1,929.728,75.913,15,255,2,51,150,"RFP","Airpore Old 1"
"608",2,929.728,68.553,12,255,2,51,150,"RFP","Airpore Old 2"
"609",3,929.728,39.477,3,236,2,51,150,"RFP","Airpore Old 3"
"610",4,929.728,61.146,7,255,2,51,150,"RFP","Airpore Medium 1"
"611",5,929.728,59.574,15,255,2,51,150,"RFP","Airpore Medium 2"
"612",6,4123.441,68.298,8,255,2,51,150,"RFP","Background"
"613",1,929.728,6.719,0,31,1,52,153,"CFP","Airpore Old 1"
"614",2,929.728,6.896,0,35,1,52,153,"CFP","Airpore Old 2"
"615",3,929.728,4.577,0,27,1,52,153,"CFP","Airpore Old 3"
"616",4,929.728,6.862,0,31,1,52,153,"CFP","Airpore Medium 1"
"617",5,929.728,5.725,0,28,1,52,153,"CFP","Airpore Medium 2"
"618",6,4123.441,8.24,0,52,1,52,153,"CFP","Background"
"619",1,929.728,76.776,19,255,2,52,153,"RFP","Airpore Old 1"
"620",2,929.728,68.5,15,255,2,52,153,"RFP","Airpore Old 2"
"621",3,929.728,39.386,3,255,2,52,153,"RFP","Airpore Old 3"
"622",4,929.728,61.354,15,255,2,52,153,"RFP","Airpore Medium 1"
"623",5,929.728,58.845,15,255,2,52,153,"RFP","Airpore Medium 2"
"624",6,4123.441,68.18,7,255,2,52,153,"RFP","Background"
"625",1,929.728,6.996,0,32,1,53,156,"CFP","Airpore Old 1"
"626",2,929.728,6.938,0,47,1,53,156,"CFP","Airpore Old 2"
"627",3,929.728,4.43,0,28,1,53,156,"CFP","Airpore Old 3"
"628",4,929.728,6.836,0,27,1,53,156,"CFP","Airpore Medium 1"
"629",5,929.728,5.683,0,24,1,53,156,"CFP","Airpore Medium 2"
"630",6,4123.441,8.19,0,41,1,53,156,"CFP","Background"
"631",1,929.728,77.504,19,255,2,53,156,"RFP","Airpore Old 1"
"632",2,929.728,68.006,15,255,2,53,156,"RFP","Airpore Old 2"
"633",3,929.728,38.947,3,239,2,53,156,"RFP","Airpore Old 3"
"634",4,929.728,59.533,12,255,2,53,156,"RFP","Airpore Medium 1"
"635",5,929.728,59.123,15,255,2,53,156,"RFP","Airpore Medium 2"
"636",6,4123.441,68.365,11,255,2,53,156,"RFP","Background"
"637",1,929.728,7.024,0,31,1,54,159,"CFP","Airpore Old 1"
"638",2,929.728,7.001,0,50,1,54,159,"CFP","Airpore Old 2"
"639",3,929.728,4.495,0,27,1,54,159,"CFP","Airpore Old 3"
"640",4,929.728,6.745,0,31,1,54,159,"CFP","Airpore Medium 1"
"641",5,929.728,5.67,0,27,1,54,159,"CFP","Airpore Medium 2"
"642",6,4123.441,8.225,0,46,1,54,159,"CFP","Background"
"643",1,929.728,76.762,19,255,2,54,159,"RFP","Airpore Old 1"
"644",2,929.728,68.635,15,255,2,54,159,"RFP","Airpore Old 2"
"645",3,929.728,38.558,3,255,2,54,159,"RFP","Airpore Old 3"
"646",4,929.728,60.573,15,255,2,54,159,"RFP","Airpore Medium 1"
"647",5,929.728,58.831,15,255,2,54,159,"RFP","Airpore Medium 2"
"648",6,4123.441,68.463,11,255,2,54,159,"RFP","Background"
"649",1,929.728,6.671,0,31,1,55,162,"CFP","Airpore Old 1"
"650",2,929.728,6.95,0,35,1,55,162,"CFP","Airpore Old 2"
"651",3,929.728,4.467,0,27,1,55,162,"CFP","Airpore Old 3"
"652",4,929.728,6.823,0,31,1,55,162,"CFP","Airpore Medium 1"
"653",5,929.728,5.668,0,32,1,55,162,"CFP","Airpore Medium 2"
"654",6,4123.441,8.243,0,63,1,55,162,"CFP","Background"
"655",1,929.728,77.431,15,255,2,55,162,"RFP","Airpore Old 1"
"656",2,929.728,68.094,11,255,2,55,162,"RFP","Airpore Old 2"
"657",3,929.728,39.104,3,228,2,55,162,"RFP","Airpore Old 3"
"658",4,929.728,60.687,15,255,2,55,162,"RFP","Airpore Medium 1"
"659",5,929.728,59.112,12,255,2,55,162,"RFP","Airpore Medium 2"
"660",6,4123.441,68.775,7,255,2,55,162,"RFP","Background"
"661",1,929.728,6.826,0,37,1,56,165,"CFP","Airpore Old 1"
"662",2,929.728,6.886,0,39,1,56,165,"CFP","Airpore Old 2"
"663",3,929.728,4.403,0,27,1,56,165,"CFP","Airpore Old 3"
"664",4,929.728,6.981,0,37,1,56,165,"CFP","Airpore Medium 1"
"665",5,929.728,5.714,0,24,1,56,165,"CFP","Airpore Medium 2"
"666",6,4123.441,8.266,0,50,1,56,165,"CFP","Background"
"667",1,929.728,77.795,19,255,2,56,165,"RFP","Airpore Old 1"
"668",2,929.728,68.088,15,255,2,56,165,"RFP","Airpore Old 2"
"669",3,929.728,38.781,3,206,2,56,165,"RFP","Airpore Old 3"
"670",4,929.728,60.944,19,255,2,56,165,"RFP","Airpore Medium 1"
"671",5,929.728,59.138,7,240,2,56,165,"RFP","Airpore Medium 2"
"672",6,4123.441,68.805,11,255,2,56,165,"RFP","Background"
"673",1,929.728,6.708,0,39,1,57,168,"CFP","Airpore Old 1"
"674",2,929.728,6.977,0,36,1,57,168,"CFP","Airpore Old 2"
"675",3,929.728,4.468,0,38,1,57,168,"CFP","Airpore Old 3"
"676",4,929.728,6.941,0,27,1,57,168,"CFP","Airpore Medium 1"
"677",5,929.728,5.747,0,27,1,57,168,"CFP","Airpore Medium 2"
"678",6,4123.441,8.302,0,59,1,57,168,"CFP","Background"
"679",1,929.728,76.532,19,255,2,57,168,"RFP","Airpore Old 1"
"680",2,929.728,68.268,11,255,2,57,168,"RFP","Airpore Old 2"
"681",3,929.728,38.939,3,255,2,57,168,"RFP","Airpore Old 3"
"682",4,929.728,59.642,11,255,2,57,168,"RFP","Airpore Medium 1"
"683",5,929.728,58.449,11,255,2,57,168,"RFP","Airpore Medium 2"
"684",6,4123.441,69.054,15,255,2,57,168,"RFP","Background"
"685",1,929.728,6.949,0,39,1,58,171,"CFP","Airpore Old 1"
"686",2,929.728,6.985,0,31,1,58,171,"CFP","Airpore Old 2"
"687",3,929.728,4.229,0,27,1,58,171,"CFP","Airpore Old 3"
"688",4,929.728,6.957,0,44,1,58,171,"CFP","Airpore Medium 1"
"689",5,929.728,5.825,0,31,1,58,171,"CFP","Airpore Medium 2"
"690",6,4123.441,8.247,0,46,1,58,171,"CFP","Background"
"691",1,929.728,77.967,20,255,2,58,171,"RFP","Airpore Old 1"
"692",2,929.728,67.37,12,255,2,58,171,"RFP","Airpore Old 2"
"693",3,929.728,38.344,3,218,2,58,171,"RFP","Airpore Old 3"
"694",4,929.728,59.486,11,255,2,58,171,"RFP","Airpore Medium 1"
"695",5,929.728,57.915,11,255,2,58,171,"RFP","Airpore Medium 2"
"696",6,4123.441,68.694,15,255,2,58,171,"RFP","Background"
"697",1,929.728,6.826,0,32,1,59,174,"CFP","Airpore Old 1"
"698",2,929.728,6.785,0,38,1,59,174,"CFP","Airpore Old 2"
"699",3,929.728,4.426,0,23,1,59,174,"CFP","Airpore Old 3"
"700",4,929.728,6.962,0,37,1,59,174,"CFP","Airpore Medium 1"
"701",5,929.728,5.566,0,23,1,59,174,"CFP","Airpore Medium 2"
"702",6,4123.441,8.342,0,50,1,59,174,"CFP","Background"
"703",1,929.728,77.208,12,255,2,59,174,"RFP","Airpore Old 1"
"704",2,929.728,67.845,11,255,2,59,174,"RFP","Airpore Old 2"
"705",3,929.728,38.163,3,255,2,59,174,"RFP","Airpore Old 3"
"706",4,929.728,59.161,7,255,2,59,174,"RFP","Airpore Medium 1"
"707",5,929.728,58.159,12,255,2,59,174,"RFP","Airpore Medium 2"
"708",6,4123.441,69.232,7,255,2,59,174,"RFP","Background"
"709",1,929.728,6.883,0,34,1,60,177,"CFP","Airpore Old 1"
"710",2,929.728,6.976,0,38,1,60,177,"CFP","Airpore Old 2"
"711",3,929.728,4.412,0,32,1,60,177,"CFP","Airpore Old 3"
"712",4,929.728,6.771,0,38,1,60,177,"CFP","Airpore Medium 1"
"713",5,929.728,5.733,0,31,1,60,177,"CFP","Airpore Medium 2"
"714",6,4123.441,8.37,0,50,1,60,177,"CFP","Background"
"715",1,929.728,77.744,19,255,2,60,177,"RFP","Airpore Old 1"
"716",2,929.728,67.668,11,255,2,60,177,"RFP","Airpore Old 2"
"717",3,929.728,38.499,3,234,2,60,177,"RFP","Airpore Old 3"
"718",4,929.728,59.994,7,255,2,60,177,"RFP","Airpore Medium 1"
"719",5,929.728,57.977,16,202,2,60,177,"RFP","Airpore Medium 2"
"720",6,4123.441,69.023,11,255,2,60,177,"RFP","Background"
"721",1,929.728,7.103,0,35,1,61,180,"CFP","Airpore Old 1"
"722",2,929.728,6.932,0,34,1,61,180,"CFP","Airpore Old 2"
"723",3,929.728,4.316,0,23,1,61,180,"CFP","Airpore Old 3"
"724",4,929.728,6.716,0,34,1,61,180,"CFP","Airpore Medium 1"
"725",5,929.728,5.721,0,27,1,61,180,"CFP","Airpore Medium 2"
"726",6,4123.441,8.333,0,43,1,61,180,"CFP","Background"
"727",1,929.728,77.758,12,255,2,61,180,"RFP","Airpore Old 1"
"728",2,929.728,67.362,7,255,2,61,180,"RFP","Airpore Old 2"
"729",3,929.728,38.25,7,255,2,61,180,"RFP","Airpore Old 3"
"730",4,929.728,59.909,11,255,2,61,180,"RFP","Airpore Medium 1"
"731",5,929.728,57.59,15,225,2,61,180,"RFP","Airpore Medium 2"
"732",6,4123.441,69.116,11,255,2,61,180,"RFP","Background"
"733",1,929.728,6.664,0,31,1,62,183,"CFP","Airpore Old 1"
"734",2,929.728,6.915,0,34,1,62,183,"CFP","Airpore Old 2"
"735",3,929.728,4.391,0,23,1,62,183,"CFP","Airpore Old 3"
"736",4,929.728,6.912,0,42,1,62,183,"CFP","Airpore Medium 1"
"737",5,929.728,5.717,0,24,1,62,183,"CFP","Airpore Medium 2"
"738",6,4123.441,8.379,0,47,1,62,183,"CFP","Background"
"739",1,929.728,78.624,19,255,2,62,183,"RFP","Airpore Old 1"
"740",2,929.728,68.014,8,255,2,62,183,"RFP","Airpore Old 2"
"741",3,929.728,38.521,7,250,2,62,183,"RFP","Airpore Old 3"
"742",4,929.728,59.095,15,255,2,62,183,"RFP","Airpore Medium 1"
"743",5,929.728,57.559,11,233,2,62,183,"RFP","Airpore Medium 2"
"744",6,4123.441,69.636,11,255,2,62,183,"RFP","Background"
"745",1,929.728,6.846,0,43,1,63,186,"CFP","Airpore Old 1"
"746",2,929.728,6.934,0,54,1,63,186,"CFP","Airpore Old 2"
"747",3,929.728,4.56,0,23,1,63,186,"CFP","Airpore Old 3"
"748",4,929.728,6.794,0,35,1,63,186,"CFP","Airpore Medium 1"
"749",5,929.728,5.646,0,27,1,63,186,"CFP","Airpore Medium 2"
"750",6,4123.441,8.414,0,54,1,63,186,"CFP","Background"
"751",1,929.728,78.26,19,255,2,63,186,"RFP","Airpore Old 1"
"752",2,929.728,67.525,12,255,2,63,186,"RFP","Airpore Old 2"
"753",3,929.728,38.414,7,255,2,63,186,"RFP","Airpore Old 3"
"754",4,929.728,59.673,11,255,2,63,186,"RFP","Airpore Medium 1"
"755",5,929.728,57.17,11,255,2,63,186,"RFP","Airpore Medium 2"
"756",6,4123.441,69.688,7,255,2,63,186,"RFP","Background"
"757",1,929.728,6.96,0,37,1,64,189,"CFP","Airpore Old 1"
"758",2,929.728,6.941,0,31,1,64,189,"CFP","Airpore Old 2"
"759",3,929.728,4.412,0,23,1,64,189,"CFP","Airpore Old 3"
"760",4,929.728,6.807,0,46,1,64,189,"CFP","Airpore Medium 1"
"761",5,929.728,5.809,0,23,1,64,189,"CFP","Airpore Medium 2"
"762",6,4123.441,8.482,0,50,1,64,189,"CFP","Background"
"763",1,929.728,79.076,15,255,2,64,189,"RFP","Airpore Old 1"
"764",2,929.728,66.92,7,255,2,64,189,"RFP","Airpore Old 2"
"765",3,929.728,38.883,3,255,2,64,189,"RFP","Airpore Old 3"
"766",4,929.728,59.271,12,255,2,64,189,"RFP","Airpore Medium 1"
"767",5,929.728,57.373,15,251,2,64,189,"RFP","Airpore Medium 2"
"768",6,4123.441,70.011,11,255,2,64,189,"RFP","Background"
"769",1,929.728,6.917,0,35,1,65,192,"CFP","Airpore Old 1"
"770",2,929.728,7.044,0,43,1,65,192,"CFP","Airpore Old 2"
"771",3,929.728,4.568,0,27,1,65,192,"CFP","Airpore Old 3"
"772",4,929.728,6.989,0,35,1,65,192,"CFP","Airpore Medium 1"
"773",5,929.728,5.631,0,27,1,65,192,"CFP","Airpore Medium 2"
"774",6,4123.441,8.497,0,40,1,65,192,"CFP","Background"
"775",1,929.728,79.046,19,255,2,65,192,"RFP","Airpore Old 1"
"776",2,929.728,68.256,15,255,2,65,192,"RFP","Airpore Old 2"
"777",3,929.728,39.026,3,255,2,65,192,"RFP","Airpore Old 3"
"778",4,929.728,58.999,11,255,2,65,192,"RFP","Airpore Medium 1"
"779",5,929.728,57.345,11,220,2,65,192,"RFP","Airpore Medium 2"
"780",6,4123.441,70.35,7,255,2,65,192,"RFP","Background"
"781",1,929.728,6.883,0,44,1,66,195,"CFP","Airpore Old 1"
"782",2,929.728,6.9,0,34,1,66,195,"CFP","Airpore Old 2"
"783",3,929.728,4.397,0,23,1,66,195,"CFP","Airpore Old 3"
"784",4,929.728,6.873,0,27,1,66,195,"CFP","Airpore Medium 1"
"785",5,929.728,6.018,0,28,1,66,195,"CFP","Airpore Medium 2"
"786",6,4123.441,8.57,0,50,1,66,195,"CFP","Background"
"787",1,929.728,78.352,19,255,2,66,195,"RFP","Airpore Old 1"
"788",2,929.728,67.74,15,255,2,66,195,"RFP","Airpore Old 2"
"789",3,929.728,39.04,3,255,2,66,195,"RFP","Airpore Old 3"
"790",4,929.728,58.614,15,255,2,66,195,"RFP","Airpore Medium 1"
"791",5,929.728,57.362,11,217,2,66,195,"RFP","Airpore Medium 2"
"792",6,4123.441,70.389,8,255,2,66,195,"RFP","Background"
"793",1,929.728,6.787,0,46,1,67,198,"CFP","Airpore Old 1"
"794",2,929.728,7.031,0,43,1,67,198,"CFP","Airpore Old 2"
"795",3,929.728,4.496,0,27,1,67,198,"CFP","Airpore Old 3"
"796",4,929.728,6.923,0,37,1,67,198,"CFP","Airpore Medium 1"
"797",5,929.728,6.015,0,24,1,67,198,"CFP","Airpore Medium 2"
"798",6,4123.441,8.508,0,47,1,67,198,"CFP","Background"
"799",1,929.728,79.79,15,255,2,67,198,"RFP","Airpore Old 1"
"800",2,929.728,67.914,12,255,2,67,198,"RFP","Airpore Old 2"
"801",3,929.728,38.842,7,255,2,67,198,"RFP","Airpore Old 3"
"802",4,929.728,59.381,15,255,2,67,198,"RFP","Airpore Medium 1"
"803",5,929.728,57.631,11,183,2,67,198,"RFP","Airpore Medium 2"
"804",6,4123.441,70.785,11,255,2,67,198,"RFP","Background"
"805",1,929.728,6.969,0,34,1,68,201,"CFP","Airpore Old 1"
"806",2,929.728,7.177,0,46,1,68,201,"CFP","Airpore Old 2"
"807",3,929.728,4.474,0,27,1,68,201,"CFP","Airpore Old 3"
"808",4,929.728,6.828,0,34,1,68,201,"CFP","Airpore Medium 1"
"809",5,929.728,5.687,0,27,1,68,201,"CFP","Airpore Medium 2"
"810",6,4123.441,8.478,0,55,1,68,201,"CFP","Background"
"811",1,929.728,79.636,19,255,2,68,201,"RFP","Airpore Old 1"
"812",2,929.728,67.388,8,255,2,68,201,"RFP","Airpore Old 2"
"813",3,929.728,38.499,3,255,2,68,201,"RFP","Airpore Old 3"
"814",4,929.728,58.28,12,255,2,68,201,"RFP","Airpore Medium 1"
"815",5,929.728,57.061,11,189,2,68,201,"RFP","Airpore Medium 2"
"816",6,4123.441,71.105,11,255,2,68,201,"RFP","Background"
"817",1,929.728,6.968,0,31,1,69,204,"CFP","Airpore Old 1"
"818",2,929.728,7.18,0,39,1,69,204,"CFP","Airpore Old 2"
"819",3,929.728,4.514,0,27,1,69,204,"CFP","Airpore Old 3"
"820",4,929.728,6.725,0,44,1,69,204,"CFP","Airpore Medium 1"
"821",5,929.728,5.614,0,27,1,69,204,"CFP","Airpore Medium 2"
"822",6,4123.441,8.495,0,50,1,69,204,"CFP","Background"
"823",1,929.728,78.868,23,255,2,69,204,"RFP","Airpore Old 1"
"824",2,929.728,67.567,15,255,2,69,204,"RFP","Airpore Old 2"
"825",3,929.728,39.467,7,255,2,69,204,"RFP","Airpore Old 3"
"826",4,929.728,59.093,15,255,2,69,204,"RFP","Airpore Medium 1"
"827",5,929.728,56.706,15,161,2,69,204,"RFP","Airpore Medium 2"
"828",6,4123.441,70.884,7,255,2,69,204,"RFP","Background"
"829",1,929.728,6.904,0,31,1,70,207,"CFP","Airpore Old 1"
"830",2,929.728,7.143,0,34,1,70,207,"CFP","Airpore Old 2"
"831",3,929.728,4.384,0,24,1,70,207,"CFP","Airpore Old 3"
"832",4,929.728,6.684,0,31,1,70,207,"CFP","Airpore Medium 1"
"833",5,929.728,5.842,0,27,1,70,207,"CFP","Airpore Medium 2"
"834",6,4123.441,8.596,0,50,1,70,207,"CFP","Background"
"835",1,929.728,79.457,19,255,2,70,207,"RFP","Airpore Old 1"
"836",2,929.728,67.324,15,255,2,70,207,"RFP","Airpore Old 2"
"837",3,929.728,38.826,7,255,2,70,207,"RFP","Airpore Old 3"
"838",4,929.728,59.038,15,255,2,70,207,"RFP","Airpore Medium 1"
"839",5,929.728,57.069,15,179,2,70,207,"RFP","Airpore Medium 2"
"840",6,4123.441,71.273,7,255,2,70,207,"RFP","Background"
"841",1,929.728,7.052,0,31,1,71,210,"CFP","Airpore Old 1"
"842",2,929.728,7.158,0,47,1,71,210,"CFP","Airpore Old 2"
"843",3,929.728,4.541,0,38,1,71,210,"CFP","Airpore Old 3"
"844",4,929.728,6.904,0,47,1,71,210,"CFP","Airpore Medium 1"
"845",5,929.728,5.745,0,36,1,71,210,"CFP","Airpore Medium 2"
"846",6,4123.441,8.48,0,50,1,71,210,"CFP","Background"
"847",1,929.728,79.363,19,255,2,71,210,"RFP","Airpore Old 1"
"848",2,929.728,67.794,7,255,2,71,210,"RFP","Airpore Old 2"
"849",3,929.728,38.667,7,255,2,71,210,"RFP","Airpore Old 3"
"850",4,929.728,58.342,11,255,2,71,210,"RFP","Airpore Medium 1"
"851",5,929.728,57.008,15,179,2,71,210,"RFP","Airpore Medium 2"
"852",6,4123.441,71.251,11,255,2,71,210,"RFP","Background"
"853",1,929.728,6.757,0,35,1,72,213,"CFP","Airpore Old 1"
"854",2,929.728,6.864,0,32,1,72,213,"CFP","Airpore Old 2"
"855",3,929.728,4.68,0,23,1,72,213,"CFP","Airpore Old 3"
"856",4,929.728,6.847,0,36,1,72,213,"CFP","Airpore Medium 1"
"857",5,929.728,5.676,0,30,1,72,213,"CFP","Airpore Medium 2"
"858",6,4123.441,8.52,0,52,1,72,213,"CFP","Background"
"859",1,929.728,80.013,15,255,2,72,213,"RFP","Airpore Old 1"
"860",2,929.728,67.186,11,255,2,72,213,"RFP","Airpore Old 2"
"861",3,929.728,37.938,7,255,2,72,213,"RFP","Airpore Old 3"
"862",4,929.728,58.13,15,255,2,72,213,"RFP","Airpore Medium 1"
"863",5,929.728,56.659,12,193,2,72,213,"RFP","Airpore Medium 2"
"864",6,4123.441,70.885,11,255,2,72,213,"RFP","Background"
"865",1,929.728,6.866,0,39,1,73,216,"CFP","Airpore Old 1"
"866",2,929.728,6.918,0,35,1,73,216,"CFP","Airpore Old 2"
"867",3,929.728,4.402,0,21,1,73,216,"CFP","Airpore Old 3"
"868",4,929.728,6.897,0,31,1,73,216,"CFP","Airpore Medium 1"
"869",5,929.728,5.682,0,31,1,73,216,"CFP","Airpore Medium 2"
"870",6,4123.441,8.558,0,44,1,73,216,"CFP","Background"
"871",1,929.728,79.515,15,255,2,73,216,"RFP","Airpore Old 1"
"872",2,929.728,66.734,15,255,2,73,216,"RFP","Airpore Old 2"
"873",3,929.728,38.543,7,255,2,73,216,"RFP","Airpore Old 3"
"874",4,929.728,58.574,11,255,2,73,216,"RFP","Airpore Medium 1"
"875",5,929.728,56.192,15,190,2,73,216,"RFP","Airpore Medium 2"
"876",6,4123.441,71.568,11,255,2,73,216,"RFP","Background"
"877",1,929.728,7.136,0,34,1,74,219,"CFP","Airpore Old 1"
"878",2,929.728,7.033,0,31,1,74,219,"CFP","Airpore Old 2"
"879",3,929.728,4.458,0,23,1,74,219,"CFP","Airpore Old 3"
"880",4,929.728,6.656,0,32,1,74,219,"CFP","Airpore Medium 1"
"881",5,929.728,5.575,0,28,1,74,219,"CFP","Airpore Medium 2"
"882",6,4123.441,8.684,0,58,1,74,219,"CFP","Background"
"883",1,929.728,79.873,19,255,2,74,219,"RFP","Airpore Old 1"
"884",2,929.728,66.315,12,255,2,74,219,"RFP","Airpore Old 2"
"885",3,929.728,38.275,7,255,2,74,219,"RFP","Airpore Old 3"
"886",4,929.728,57.862,12,255,2,74,219,"RFP","Airpore Medium 1"
"887",5,929.728,56.248,15,165,2,74,219,"RFP","Airpore Medium 2"
"888",6,4123.441,71.719,7,255,2,74,219,"RFP","Background"
"889",1,929.728,6.851,0,43,1,75,222,"CFP","Airpore Old 1"
"890",2,929.728,6.792,0,39,1,75,222,"CFP","Airpore Old 2"
"891",3,929.728,4.535,0,23,1,75,222,"CFP","Airpore Old 3"
"892",4,929.728,6.802,0,31,1,75,222,"CFP","Airpore Medium 1"
"893",5,929.728,5.774,0,32,1,75,222,"CFP","Airpore Medium 2"
"894",6,4123.441,8.616,0,47,1,75,222,"CFP","Background"
"895",1,929.728,79.294,19,255,2,75,222,"RFP","Airpore Old 1"
"896",2,929.728,66.946,11,255,2,75,222,"RFP","Airpore Old 2"
"897",3,929.728,37.803,3,255,2,75,222,"RFP","Airpore Old 3"
"898",4,929.728,58.017,12,255,2,75,222,"RFP","Airpore Medium 1"
"899",5,929.728,55.91,11,161,2,75,222,"RFP","Airpore Medium 2"
"900",6,4123.441,71.547,7,255,2,75,222,"RFP","Background"
"901",1,929.728,6.987,0,34,1,76,225,"CFP","Airpore Old 1"
"902",2,929.728,6.722,0,31,1,76,225,"CFP","Airpore Old 2"
"903",3,929.728,4.582,0,24,1,76,225,"CFP","Airpore Old 3"
"904",4,929.728,6.717,0,65,1,76,225,"CFP","Airpore Medium 1"
"905",5,929.728,5.589,0,35,1,76,225,"CFP","Airpore Medium 2"
"906",6,4123.441,8.635,0,47,1,76,225,"CFP","Background"
"907",1,929.728,79.526,23,255,2,76,225,"RFP","Airpore Old 1"
"908",2,929.728,66.609,11,255,2,76,225,"RFP","Airpore Old 2"
"909",3,929.728,38.744,3,255,2,76,225,"RFP","Airpore Old 3"
"910",4,929.728,58.233,8,255,2,76,225,"RFP","Airpore Medium 1"
"911",5,929.728,56.323,15,176,2,76,225,"RFP","Airpore Medium 2"
"912",6,4123.441,71.555,12,255,2,76,225,"RFP","Background"
"913",1,929.728,6.871,0,34,1,77,228,"CFP","Airpore Old 1"
"914",2,929.728,6.791,0,34,1,77,228,"CFP","Airpore Old 2"
"915",3,929.728,4.423,0,23,1,77,228,"CFP","Airpore Old 3"
"916",4,929.728,6.791,0,46,1,77,228,"CFP","Airpore Medium 1"
"917",5,929.728,5.731,0,24,1,77,228,"CFP","Airpore Medium 2"
"918",6,4123.441,8.561,0,46,1,77,228,"CFP","Background"
"919",1,929.728,80.494,19,255,2,77,228,"RFP","Airpore Old 1"
"920",2,929.728,66.994,11,255,2,77,228,"RFP","Airpore Old 2"
"921",3,929.728,38.372,3,255,2,77,228,"RFP","Airpore Old 3"
"922",4,929.728,57.732,15,255,2,77,228,"RFP","Airpore Medium 1"
"923",5,929.728,56.195,8,158,2,77,228,"RFP","Airpore Medium 2"
"924",6,4123.441,72.298,3,255,2,77,228,"RFP","Background"
"925",1,929.728,6.912,0,31,1,78,231,"CFP","Airpore Old 1"
"926",2,929.728,6.84,0,35,1,78,231,"CFP","Airpore Old 2"
"927",3,929.728,4.362,0,24,1,78,231,"CFP","Airpore Old 3"
"928",4,929.728,6.716,0,27,1,78,231,"CFP","Airpore Medium 1"
"929",5,929.728,5.892,0,40,1,78,231,"CFP","Airpore Medium 2"
"930",6,4123.441,8.479,0,47,1,78,231,"CFP","Background"
"931",1,929.728,80.091,12,255,2,78,231,"RFP","Airpore Old 1"
"932",2,929.728,67.096,15,255,2,78,231,"RFP","Airpore Old 2"
"933",3,929.728,38.822,3,255,2,78,231,"RFP","Airpore Old 3"
"934",4,929.728,58.331,12,255,2,78,231,"RFP","Airpore Medium 1"
"935",5,929.728,56.765,15,158,2,78,231,"RFP","Airpore Medium 2"
"936",6,4123.441,72.432,7,255,2,78,231,"RFP","Background"
"937",1,929.728,7.149,0,31,1,79,234,"CFP","Airpore Old 1"
"938",2,929.728,7.002,0,37,1,79,234,"CFP","Airpore Old 2"
"939",3,929.728,4.444,0,27,1,79,234,"CFP","Airpore Old 3"
"940",4,929.728,6.86,0,31,1,79,234,"CFP","Airpore Medium 1"
"941",5,929.728,5.614,0,33,1,79,234,"CFP","Airpore Medium 2"
"942",6,4123.441,8.633,0,47,1,79,234,"CFP","Background"
"943",1,929.728,80.895,19,255,2,79,234,"RFP","Airpore Old 1"
"944",2,929.728,66.616,11,255,2,79,234,"RFP","Airpore Old 2"
"945",3,929.728,38.947,0,255,2,79,234,"RFP","Airpore Old 3"
"946",4,929.728,58.099,15,255,2,79,234,"RFP","Airpore Medium 1"
"947",5,929.728,56.074,15,150,2,79,234,"RFP","Airpore Medium 2"
"948",6,4123.441,72.801,11,255,2,79,234,"RFP","Background"
"949",1,929.728,7.046,0,35,1,80,237,"CFP","Airpore Old 1"
"950",2,929.728,7.08,0,37,1,80,237,"CFP","Airpore Old 2"
"951",3,929.728,4.267,0,26,1,80,237,"CFP","Airpore Old 3"
"952",4,929.728,6.697,0,27,1,80,237,"CFP","Airpore Medium 1"
"953",5,929.728,5.632,0,34,1,80,237,"CFP","Airpore Medium 2"
"954",6,4123.441,8.53,0,54,1,80,237,"CFP","Background"
"955",1,929.728,79.993,19,255,2,80,237,"RFP","Airpore Old 1"
"956",2,929.728,66.943,12,255,2,80,237,"RFP","Airpore Old 2"
"957",3,929.728,39.035,3,255,2,80,237,"RFP","Airpore Old 3"
"958",4,929.728,57.483,8,255,2,80,237,"RFP","Airpore Medium 1"
"959",5,929.728,55.258,7,155,2,80,237,"RFP","Airpore Medium 2"
"960",6,4123.441,72.965,11,255,2,80,237,"RFP","Background"
"961",1,929.728,6.747,0,43,1,81,240,"CFP","Airpore Old 1"
"962",2,929.728,6.884,0,31,1,81,240,"CFP","Airpore Old 2"
"963",3,929.728,4.379,0,35,1,81,240,"CFP","Airpore Old 3"
"964",4,929.728,7.061,0,35,1,81,240,"CFP","Airpore Medium 1"
"965",5,929.728,5.779,0,32,1,81,240,"CFP","Airpore Medium 2"
"966",6,4123.441,8.585,0,51,1,81,240,"CFP","Background"
"967",1,929.728,79.799,19,255,2,81,240,"RFP","Airpore Old 1"
"968",2,929.728,67.046,7,255,2,81,240,"RFP","Airpore Old 2"
"969",3,929.728,38.826,3,255,2,81,240,"RFP","Airpore Old 3"
"970",4,929.728,57.899,12,255,2,81,240,"RFP","Airpore Medium 1"
"971",5,929.728,56.044,15,235,2,81,240,"RFP","Airpore Medium 2"
"972",6,4123.441,73.561,11,255,2,81,240,"RFP","Background"
"973",1,929.728,6.977,0,31,1,82,243,"CFP","Airpore Old 1"
"974",2,929.728,6.852,0,34,1,82,243,"CFP","Airpore Old 2"
"975",3,929.728,4.518,0,27,1,82,243,"CFP","Airpore Old 3"
"976",4,929.728,6.897,0,27,1,82,243,"CFP","Airpore Medium 1"
"977",5,929.728,5.606,0,24,1,82,243,"CFP","Airpore Medium 2"
"978",6,4123.441,8.516,0,50,1,82,243,"CFP","Background"
"979",1,929.728,80.412,15,255,2,82,243,"RFP","Airpore Old 1"
"980",2,929.728,66.601,11,255,2,82,243,"RFP","Airpore Old 2"
"981",3,929.728,38.951,3,255,2,82,243,"RFP","Airpore Old 3"
"982",4,929.728,57.417,11,255,2,82,243,"RFP","Airpore Medium 1"
"983",5,929.728,55.739,15,154,2,82,243,"RFP","Airpore Medium 2"
"984",6,4123.441,73.332,12,255,2,82,243,"RFP","Background"
"985",1,929.728,6.844,0,34,1,83,246,"CFP","Airpore Old 1"
"986",2,929.728,6.956,0,39,1,83,246,"CFP","Airpore Old 2"
"987",3,929.728,4.541,0,32,1,83,246,"CFP","Airpore Old 3"
"988",4,929.728,6.842,0,27,1,83,246,"CFP","Airpore Medium 1"
"989",5,929.728,5.778,0,24,1,83,246,"CFP","Airpore Medium 2"
"990",6,4123.441,8.541,0,46,1,83,246,"CFP","Background"
"991",1,929.728,79.393,19,255,2,83,246,"RFP","Airpore Old 1"
"992",2,929.728,67.116,11,255,2,83,246,"RFP","Airpore Old 2"
"993",3,929.728,39.207,3,255,2,83,246,"RFP","Airpore Old 3"
"994",4,929.728,58.005,15,255,2,83,246,"RFP","Airpore Medium 1"
"995",5,929.728,56.522,12,158,2,83,246,"RFP","Airpore Medium 2"
"996",6,4123.441,73.263,11,255,2,83,246,"RFP","Background"
"997",1,929.728,7.103,0,44,1,84,249,"CFP","Airpore Old 1"
"998",2,929.728,6.967,0,35,1,84,249,"CFP","Airpore Old 2"
"999",3,929.728,4.358,0,23,1,84,249,"CFP","Airpore Old 3"
"1000",4,929.728,6.734,0,31,1,84,249,"CFP","Airpore Medium 1"
"1001",5,929.728,5.872,0,27,1,84,249,"CFP","Airpore Medium 2"
"1002",6,4123.441,8.616,0,44,1,84,249,"CFP","Background"
"1003",1,929.728,79.796,19,255,2,84,249,"RFP","Airpore Old 1"
"1004",2,929.728,67.433,15,255,2,84,249,"RFP","Airpore Old 2"
"1005",3,929.728,39.011,3,255,2,84,249,"RFP","Airpore Old 3"
"1006",4,929.728,57.776,12,255,2,84,249,"RFP","Airpore Medium 1"
"1007",5,929.728,55.6,11,146,2,84,249,"RFP","Airpore Medium 2"
"1008",6,4123.441,73.14,11,255,2,84,249,"RFP","Background"
"1009",1,929.728,6.889,0,34,1,85,252,"CFP","Airpore Old 1"
"1010",2,929.728,6.925,0,35,1,85,252,"CFP","Airpore Old 2"
"1011",3,929.728,4.556,0,27,1,85,252,"CFP","Airpore Old 3"
"1012",4,929.728,6.801,0,27,1,85,252,"CFP","Airpore Medium 1"
"1013",5,929.728,5.907,0,34,1,85,252,"CFP","Airpore Medium 2"
"1014",6,4123.441,8.666,0,47,1,85,252,"CFP","Background"
"1015",1,929.728,80.156,19,255,2,85,252,"RFP","Airpore Old 1"
"1016",2,929.728,66.926,15,255,2,85,252,"RFP","Airpore Old 2"
"1017",3,929.728,39.457,7,255,2,85,252,"RFP","Airpore Old 3"
"1018",4,929.728,56.404,15,255,2,85,252,"RFP","Airpore Medium 1"
"1019",5,929.728,55.331,7,146,2,85,252,"RFP","Airpore Medium 2"
"1020",6,4123.441,74.55,11,255,2,85,252,"RFP","Background"
"1021",1,929.728,6.746,0,34,1,86,255,"CFP","Airpore Old 1"
"1022",2,929.728,6.918,0,31,1,86,255,"CFP","Airpore Old 2"
"1023",3,929.728,4.414,0,44,1,86,255,"CFP","Airpore Old 3"
"1024",4,929.728,6.774,0,27,1,86,255,"CFP","Airpore Medium 1"
"1025",5,929.728,5.909,0,24,1,86,255,"CFP","Airpore Medium 2"
"1026",6,4123.441,8.597,0,47,1,86,255,"CFP","Background"
"1027",1,929.728,80.307,15,255,2,86,255,"RFP","Airpore Old 1"
"1028",2,929.728,66.326,11,255,2,86,255,"RFP","Airpore Old 2"
"1029",3,929.728,38.985,3,255,2,86,255,"RFP","Airpore Old 3"
"1030",4,929.728,57.143,11,255,2,86,255,"RFP","Airpore Medium 1"
"1031",5,929.728,55.07,12,160,2,86,255,"RFP","Airpore Medium 2"
"1032",6,4123.441,74.905,7,255,2,86,255,"RFP","Background"
"1033",1,929.728,6.857,0,42,1,87,258,"CFP","Airpore Old 1"
"1034",2,929.728,6.97,0,45,1,87,258,"CFP","Airpore Old 2"
"1035",3,929.728,4.57,0,35,1,87,258,"CFP","Airpore Old 3"
"1036",4,929.728,6.755,0,31,1,87,258,"CFP","Airpore Medium 1"
"1037",5,929.728,5.67,0,23,1,87,258,"CFP","Airpore Medium 2"
"1038",6,4123.441,8.623,0,60,1,87,258,"CFP","Background"
"1039",1,929.728,80.624,15,255,2,87,258,"RFP","Airpore Old 1"
"1040",2,929.728,66.651,7,255,2,87,258,"RFP","Airpore Old 2"
"1041",3,929.728,39.473,3,255,2,87,258,"RFP","Airpore Old 3"
"1042",4,929.728,56.059,15,255,2,87,258,"RFP","Airpore Medium 1"
"1043",5,929.728,55.303,15,138,2,87,258,"RFP","Airpore Medium 2"
"1044",6,4123.441,75.074,11,255,2,87,258,"RFP","Background"
"1045",1,929.728,6.788,0,34,1,88,261,"CFP","Airpore Old 1"
"1046",2,929.728,6.765,0,39,1,88,261,"CFP","Airpore Old 2"
"1047",3,929.728,4.566,0,31,1,88,261,"CFP","Airpore Old 3"
"1048",4,929.728,6.882,0,35,1,88,261,"CFP","Airpore Medium 1"
"1049",5,929.728,5.778,0,24,1,88,261,"CFP","Airpore Medium 2"
"1050",6,4123.441,8.635,0,53,1,88,261,"CFP","Background"
"1051",1,929.728,79.496,15,255,2,88,261,"RFP","Airpore Old 1"
"1052",2,929.728,66.116,15,255,2,88,261,"RFP","Airpore Old 2"
"1053",3,929.728,39.722,3,255,2,88,261,"RFP","Airpore Old 3"
"1054",4,929.728,56.164,15,255,2,88,261,"RFP","Airpore Medium 1"
"1055",5,929.728,54.838,12,143,2,88,261,"RFP","Airpore Medium 2"
"1056",6,4123.441,74.596,7,255,2,88,261,"RFP","Background"
"1057",1,929.728,7.054,0,32,1,89,264,"CFP","Airpore Old 1"
"1058",2,929.728,6.891,0,31,1,89,264,"CFP","Airpore Old 2"
"1059",3,929.728,4.501,0,27,1,89,264,"CFP","Airpore Old 3"
"1060",4,929.728,6.832,0,27,1,89,264,"CFP","Airpore Medium 1"
"1061",5,929.728,5.861,0,37,1,89,264,"CFP","Airpore Medium 2"
"1062",6,4123.441,8.731,0,55,1,89,264,"CFP","Background"
"1063",1,929.728,78.677,15,255,2,89,264,"RFP","Airpore Old 1"
"1064",2,929.728,66.307,15,255,2,89,264,"RFP","Airpore Old 2"
"1065",3,929.728,38.968,7,255,2,89,264,"RFP","Airpore Old 3"
"1066",4,929.728,55.974,15,255,2,89,264,"RFP","Airpore Medium 1"
"1067",5,929.728,55.039,8,148,2,89,264,"RFP","Airpore Medium 2"
"1068",6,4123.441,74.94,7,255,2,89,264,"RFP","Background"
"1069",1,929.728,6.975,0,34,1,90,267,"CFP","Airpore Old 1"
"1070",2,929.728,6.74,0,43,1,90,267,"CFP","Airpore Old 2"
"1071",3,929.728,4.683,0,41,1,90,267,"CFP","Airpore Old 3"
"1072",4,929.728,6.658,0,35,1,90,267,"CFP","Airpore Medium 1"
"1073",5,929.728,5.783,0,27,1,90,267,"CFP","Airpore Medium 2"
"1074",6,4123.441,8.746,0,54,1,90,267,"CFP","Background"
"1075",1,929.728,79.444,23,255,2,90,267,"RFP","Airpore Old 1"
"1076",2,929.728,65.884,7,255,2,90,267,"RFP","Airpore Old 2"
"1077",3,929.728,39.951,3,255,2,90,267,"RFP","Airpore Old 3"
"1078",4,929.728,56.084,19,255,2,90,267,"RFP","Airpore Medium 1"
"1079",5,929.728,54.763,12,159,2,90,267,"RFP","Airpore Medium 2"
"1080",6,4123.441,74.911,11,255,2,90,267,"RFP","Background"
"1081",1,929.728,6.803,0,34,1,91,270,"CFP","Airpore Old 1"
"1082",2,929.728,6.921,0,35,1,91,270,"CFP","Airpore Old 2"
"1083",3,929.728,4.652,0,41,1,91,270,"CFP","Airpore Old 3"
"1084",4,929.728,6.986,0,41,1,91,270,"CFP","Airpore Medium 1"
"1085",5,929.728,5.768,0,34,1,91,270,"CFP","Airpore Medium 2"
"1086",6,4123.441,8.755,0,55,1,91,270,"CFP","Background"
"1087",1,929.728,78.799,19,255,2,91,270,"RFP","Airpore Old 1"
"1088",2,929.728,66.383,15,255,2,91,270,"RFP","Airpore Old 2"
"1089",3,929.728,39.569,3,255,2,91,270,"RFP","Airpore Old 3"
"1090",4,929.728,55.875,19,255,2,91,270,"RFP","Airpore Medium 1"
"1091",5,929.728,54.648,11,143,2,91,270,"RFP","Airpore Medium 2"
"1092",6,4123.441,75.257,11,255,2,91,270,"RFP","Background"
"1093",1,929.728,6.71,0,35,1,92,273,"CFP","Airpore Old 1"
"1094",2,929.728,6.892,0,31,1,92,273,"CFP","Airpore Old 2"
"1095",3,929.728,4.553,0,27,1,92,273,"CFP","Airpore Old 3"
"1096",4,929.728,6.714,0,31,1,92,273,"CFP","Airpore Medium 1"
"1097",5,929.728,5.748,0,27,1,92,273,"CFP","Airpore Medium 2"
"1098",6,4123.441,8.702,0,43,1,92,273,"CFP","Background"
"1099",1,929.728,78.456,16,255,2,92,273,"RFP","Airpore Old 1"
"1100",2,929.728,65.973,15,255,2,92,273,"RFP","Airpore Old 2"
"1101",3,929.728,40.292,7,255,2,92,273,"RFP","Airpore Old 3"
"1102",4,929.728,56.03,12,255,2,92,273,"RFP","Airpore Medium 1"
"1103",5,929.728,55.104,11,143,2,92,273,"RFP","Airpore Medium 2"
"1104",6,4123.441,75.761,8,255,2,92,273,"RFP","Background"
"1105",1,929.728,6.795,0,31,1,93,276,"CFP","Airpore Old 1"
"1106",2,929.728,6.699,0,35,1,93,276,"CFP","Airpore Old 2"
"1107",3,929.728,4.562,0,27,1,93,276,"CFP","Airpore Old 3"
"1108",4,929.728,6.675,0,27,1,93,276,"CFP","Airpore Medium 1"
"1109",5,929.728,5.887,0,27,1,93,276,"CFP","Airpore Medium 2"
"1110",6,4123.441,8.762,0,50,1,93,276,"CFP","Background"
"1111",1,929.728,79.781,15,255,2,93,276,"RFP","Airpore Old 1"
"1112",2,929.728,66.169,11,255,2,93,276,"RFP","Airpore Old 2"
"1113",3,929.728,40.151,3,255,2,93,276,"RFP","Airpore Old 3"
"1114",4,929.728,56.56,12,255,2,93,276,"RFP","Airpore Medium 1"
"1115",5,929.728,55.63,7,132,2,93,276,"RFP","Airpore Medium 2"
"1116",6,4123.441,75.973,11,255,2,93,276,"RFP","Background"
"1117",1,929.728,6.755,0,35,1,94,279,"CFP","Airpore Old 1"
"1118",2,929.728,6.845,0,27,1,94,279,"CFP","Airpore Old 2"
"1119",3,929.728,4.503,0,28,1,94,279,"CFP","Airpore Old 3"
"1120",4,929.728,6.884,0,33,1,94,279,"CFP","Airpore Medium 1"
"1121",5,929.728,5.808,0,25,1,94,279,"CFP","Airpore Medium 2"
"1122",6,4123.441,8.637,0,58,1,94,279,"CFP","Background"
"1123",1,929.728,78.926,12,255,2,94,279,"RFP","Airpore Old 1"
"1124",2,929.728,67.368,11,255,2,94,279,"RFP","Airpore Old 2"
"1125",3,929.728,39.905,3,255,2,94,279,"RFP","Airpore Old 3"
"1126",4,929.728,56.035,15,255,2,94,279,"RFP","Airpore Medium 1"
"1127",5,929.728,55.388,15,138,2,94,279,"RFP","Airpore Medium 2"
"1128",6,4123.441,76.288,11,255,2,94,279,"RFP","Background"
"1129",1,929.728,6.619,0,31,1,95,282,"CFP","Airpore Old 1"
"1130",2,929.728,6.847,0,43,1,95,282,"CFP","Airpore Old 2"
"1131",3,929.728,4.49,0,31,1,95,282,"CFP","Airpore Old 3"
"1132",4,929.728,6.874,0,31,1,95,282,"CFP","Airpore Medium 1"
"1133",5,929.728,5.847,0,27,1,95,282,"CFP","Airpore Medium 2"
"1134",6,4123.441,8.84,0,43,1,95,282,"CFP","Background"
"1135",1,929.728,79.85,15,255,2,95,282,"RFP","Airpore Old 1"
"1136",2,929.728,66.373,12,255,2,95,282,"RFP","Airpore Old 2"
"1137",3,929.728,39.977,3,255,2,95,282,"RFP","Airpore Old 3"
"1138",4,929.728,56.727,15,255,2,95,282,"RFP","Airpore Medium 1"
"1139",5,929.728,55.572,15,168,2,95,282,"RFP","Airpore Medium 2"
"1140",6,4123.441,76.976,12,255,2,95,282,"RFP","Background"
"1141",1,929.728,6.816,0,27,1,96,285,"CFP","Airpore Old 1"
"1142",2,929.728,6.645,0,31,1,96,285,"CFP","Airpore Old 2"
"1143",3,929.728,4.525,0,28,1,96,285,"CFP","Airpore Old 3"
"1144",4,929.728,6.723,0,27,1,96,285,"CFP","Airpore Medium 1"
"1145",5,929.728,5.583,0,27,1,96,285,"CFP","Airpore Medium 2"
"1146",6,4123.441,8.71,0,53,1,96,285,"CFP","Background"
"1147",1,929.728,77.986,19,255,2,96,285,"RFP","Airpore Old 1"
"1148",2,929.728,67.144,15,255,2,96,285,"RFP","Airpore Old 2"
"1149",3,929.728,39.738,3,255,2,96,285,"RFP","Airpore Old 3"
"1150",4,929.728,56.33,11,255,2,96,285,"RFP","Airpore Medium 1"
"1151",5,929.728,55.241,11,140,2,96,285,"RFP","Airpore Medium 2"
"1152",6,4123.441,76.676,11,255,2,96,285,"RFP","Background"
"1153",1,929.728,6.868,0,36,1,97,288,"CFP","Airpore Old 1"
"1154",2,929.728,6.818,0,35,1,97,288,"CFP","Airpore Old 2"
"1155",3,929.728,4.578,0,22,1,97,288,"CFP","Airpore Old 3"
"1156",4,929.728,6.823,0,27,1,97,288,"CFP","Airpore Medium 1"
"1157",5,929.728,5.758,0,27,1,97,288,"CFP","Airpore Medium 2"
"1158",6,4123.441,8.629,0,62,1,97,288,"CFP","Background"
"1159",1,929.728,78.968,19,255,2,97,288,"RFP","Airpore Old 1"
"1160",2,929.728,66.87,11,255,2,97,288,"RFP","Airpore Old 2"
"1161",3,929.728,40.923,3,255,2,97,288,"RFP","Airpore Old 3"
"1162",4,929.728,55.471,11,255,2,97,288,"RFP","Airpore Medium 1"
"1163",5,929.728,55.354,12,142,2,97,288,"RFP","Airpore Medium 2"
"1164",6,4123.441,76.322,11,255,2,97,288,"RFP","Background"
"1165",1,929.728,6.737,0,39,1,98,291,"CFP","Airpore Old 1"
"1166",2,929.728,7.086,0,35,1,98,291,"CFP","Airpore Old 2"
"1167",3,929.728,4.505,0,34,1,98,291,"CFP","Airpore Old 3"
"1168",4,929.728,6.975,0,27,1,98,291,"CFP","Airpore Medium 1"
"1169",5,929.728,5.876,0,27,1,98,291,"CFP","Airpore Medium 2"
"1170",6,4123.441,8.69,0,51,1,98,291,"CFP","Background"
"1171",1,929.728,78.415,15,255,2,98,291,"RFP","Airpore Old 1"
"1172",2,929.728,66.787,11,255,2,98,291,"RFP","Airpore Old 2"
"1173",3,929.728,40.481,7,255,2,98,291,"RFP","Airpore Old 3"
"1174",4,929.728,55.322,15,255,2,98,291,"RFP","Airpore Medium 1"
"1175",5,929.728,54.658,15,138,2,98,291,"RFP","Airpore Medium 2"
"1176",6,4123.441,76.699,3,255,2,98,291,"RFP","Background"
"1177",1,929.728,6.773,0,34,1,99,294,"CFP","Airpore Old 1"
"1178",2,929.728,7.039,0,35,1,99,294,"CFP","Airpore Old 2"
"1179",3,929.728,4.527,0,23,1,99,294,"CFP","Airpore Old 3"
"1180",4,929.728,6.804,0,34,1,99,294,"CFP","Airpore Medium 1"
"1181",5,929.728,5.697,0,31,1,99,294,"CFP","Airpore Medium 2"
"1182",6,4123.441,8.657,0,54,1,99,294,"CFP","Background"
"1183",1,929.728,78.933,12,255,2,99,294,"RFP","Airpore Old 1"
"1184",2,929.728,65.999,8,255,2,99,294,"RFP","Airpore Old 2"
"1185",3,929.728,40.423,7,255,2,99,294,"RFP","Airpore Old 3"
"1186",4,929.728,56.131,11,255,2,99,294,"RFP","Airpore Medium 1"
"1187",5,929.728,55.647,15,138,2,99,294,"RFP","Airpore Medium 2"
"1188",6,4123.441,76.493,8,255,2,99,294,"RFP","Background"
"1189",1,929.728,6.993,0,35,1,100,297,"CFP","Airpore Old 1"
"1190",2,929.728,7.085,0,35,1,100,297,"CFP","Airpore Old 2"
"1191",3,929.728,4.466,0,23,1,100,297,"CFP","Airpore Old 3"
"1192",4,929.728,6.966,0,38,1,100,297,"CFP","Airpore Medium 1"
"1193",5,929.728,5.708,0,27,1,100,297,"CFP","Airpore Medium 2"
"1194",6,4123.441,8.849,0,47,1,100,297,"CFP","Background"
"1195",1,929.728,78.266,19,255,2,100,297,"RFP","Airpore Old 1"
"1196",2,929.728,66.562,15,255,2,100,297,"RFP","Airpore Old 2"
"1197",3,929.728,40.845,3,255,2,100,297,"RFP","Airpore Old 3"
"1198",4,929.728,55.922,15,255,2,100,297,"RFP","Airpore Medium 1"
"1199",5,929.728,55.496,15,159,2,100,297,"RFP","Airpore Medium 2"
"1200",6,4123.441,76.619,11,255,2,100,297,"RFP","Background"
"1201",1,929.728,6.634,0,43,1,101,300,"CFP","Airpore Old 1"
"1202",2,929.728,6.997,0,32,1,101,300,"CFP","Airpore Old 2"
"1203",3,929.728,4.493,0,24,1,101,300,"CFP","Airpore Old 3"
"1204",4,929.728,6.988,0,28,1,101,300,"CFP","Airpore Medium 1"
"1205",5,929.728,5.924,0,38,1,101,300,"CFP","Airpore Medium 2"
"1206",6,4123.441,8.686,0,55,1,101,300,"CFP","Background"
"1207",1,929.728,78.057,11,255,2,101,300,"RFP","Airpore Old 1"
"1208",2,929.728,66.445,11,255,2,101,300,"RFP","Airpore Old 2"
"1209",3,929.728,40.492,3,255,2,101,300,"RFP","Airpore Old 3"
"1210",4,929.728,55.677,7,255,2,101,300,"RFP","Airpore Medium 1"
"1211",5,929.728,54.851,15,130,2,101,300,"RFP","Airpore Medium 2"
"1212",6,4123.441,77.146,8,255,2,101,300,"RFP","Background"
"1213",1,929.728,6.741,0,35,1,102,303,"CFP","Airpore Old 1"
"1214",2,929.728,6.657,0,31,1,102,303,"CFP","Airpore Old 2"
"1215",3,929.728,4.616,0,31,1,102,303,"CFP","Airpore Old 3"
"1216",4,929.728,6.995,0,29,1,102,303,"CFP","Airpore Medium 1"
"1217",5,929.728,5.81,0,31,1,102,303,"CFP","Airpore Medium 2"
"1218",6,4123.441,8.704,0,47,1,102,303,"CFP","Background"
"1219",1,929.728,77.689,19,255,2,102,303,"RFP","Airpore Old 1"
"1220",2,929.728,66.665,12,255,2,102,303,"RFP","Airpore Old 2"
"1221",3,929.728,40.123,3,255,2,102,303,"RFP","Airpore Old 3"
"1222",4,929.728,56.1,15,255,2,102,303,"RFP","Airpore Medium 1"
"1223",5,929.728,55.651,12,146,2,102,303,"RFP","Airpore Medium 2"
"1224",6,4123.441,77.114,7,255,2,102,303,"RFP","Background"
"1225",1,929.728,6.4,0,34,1,103,306,"CFP","Airpore Old 1"
"1226",2,929.728,6.865,0,39,1,103,306,"CFP","Airpore Old 2"
"1227",3,929.728,4.65,0,23,1,103,306,"CFP","Airpore Old 3"
"1228",4,929.728,6.93,0,28,1,103,306,"CFP","Airpore Medium 1"
"1229",5,929.728,5.724,0,23,1,103,306,"CFP","Airpore Medium 2"
"1230",6,4123.441,8.768,0,47,1,103,306,"CFP","Background"
"1231",1,929.728,76.91,19,255,2,103,306,"RFP","Airpore Old 1"
"1232",2,929.728,66.416,11,255,2,103,306,"RFP","Airpore Old 2"
"1233",3,929.728,40.726,3,255,2,103,306,"RFP","Airpore Old 3"
"1234",4,929.728,55.215,11,255,2,103,306,"RFP","Airpore Medium 1"
"1235",5,929.728,54.829,11,142,2,103,306,"RFP","Airpore Medium 2"
"1236",6,4123.441,77.12,11,255,2,103,306,"RFP","Background"
"1237",1,929.728,6.795,0,31,1,104,309,"CFP","Airpore Old 1"
"1238",2,929.728,6.983,0,52,1,104,309,"CFP","Airpore Old 2"
"1239",3,929.728,4.509,0,27,1,104,309,"CFP","Airpore Old 3"
"1240",4,929.728,6.964,0,43,1,104,309,"CFP","Airpore Medium 1"
"1241",5,929.728,6.011,0,41,1,104,309,"CFP","Airpore Medium 2"
"1242",6,4123.441,8.786,0,58,1,104,309,"CFP","Background"
"1243",1,929.728,76.577,19,255,2,104,309,"RFP","Airpore Old 1"
"1244",2,929.728,66.292,15,255,2,104,309,"RFP","Airpore Old 2"
"1245",3,929.728,40.967,7,255,2,104,309,"RFP","Airpore Old 3"
"1246",4,929.728,54.968,11,255,2,104,309,"RFP","Airpore Medium 1"
"1247",5,929.728,54.912,15,168,2,104,309,"RFP","Airpore Medium 2"
"1248",6,4123.441,76.998,8,255,2,104,309,"RFP","Background"
"1249",1,929.728,6.572,0,40,1,105,312,"CFP","Airpore Old 1"
"1250",2,929.728,7.111,0,43,1,105,312,"CFP","Airpore Old 2"
"1251",3,929.728,4.438,0,24,1,105,312,"CFP","Airpore Old 3"
"1252",4,929.728,6.892,0,44,1,105,312,"CFP","Airpore Medium 1"
"1253",5,929.728,6.088,0,31,1,105,312,"CFP","Airpore Medium 2"
"1254",6,4123.441,8.598,0,50,1,105,312,"CFP","Background"
"1255",1,929.728,76.905,11,255,2,105,312,"RFP","Airpore Old 1"
"1256",2,929.728,65.925,15,255,2,105,312,"RFP","Airpore Old 2"
"1257",3,929.728,40.655,3,255,2,105,312,"RFP","Airpore Old 3"
"1258",4,929.728,54.734,12,255,2,105,312,"RFP","Airpore Medium 1"
"1259",5,929.728,54.714,11,143,2,105,312,"RFP","Airpore Medium 2"
"1260",6,4123.441,77.22,3,255,2,105,312,"RFP","Background"
"1261",1,929.728,6.403,0,36,1,106,315,"CFP","Airpore Old 1"
"1262",2,929.728,6.939,0,35,1,106,315,"CFP","Airpore Old 2"
"1263",3,929.728,4.866,0,36,1,106,315,"CFP","Airpore Old 3"
"1264",4,929.728,6.91,0,31,1,106,315,"CFP","Airpore Medium 1"
"1265",5,929.728,5.946,0,27,1,106,315,"CFP","Airpore Medium 2"
"1266",6,4123.441,8.789,0,46,1,106,315,"CFP","Background"
"1267",1,929.728,76.006,19,255,2,106,315,"RFP","Airpore Old 1"
"1268",2,929.728,65.701,11,255,2,106,315,"RFP","Airpore Old 2"
"1269",3,929.728,41.055,3,255,2,106,315,"RFP","Airpore Old 3"
"1270",4,929.728,55.436,12,255,2,106,315,"RFP","Airpore Medium 1"
"1271",5,929.728,54.874,7,139,2,106,315,"RFP","Airpore Medium 2"
"1272",6,4123.441,76.961,7,255,2,106,315,"RFP","Background"
"1273",1,929.728,6.574,0,31,1,107,318,"CFP","Airpore Old 1"
"1274",2,929.728,7.1,0,39,1,107,318,"CFP","Airpore Old 2"
"1275",3,929.728,4.478,0,37,1,107,318,"CFP","Airpore Old 3"
"1276",4,929.728,6.871,0,31,1,107,318,"CFP","Airpore Medium 1"
"1277",5,929.728,5.944,0,27,1,107,318,"CFP","Airpore Medium 2"
"1278",6,4123.441,8.85,0,47,1,107,318,"CFP","Background"
"1279",1,929.728,76.881,11,255,2,107,318,"RFP","Airpore Old 1"
"1280",2,929.728,66.468,15,255,2,107,318,"RFP","Airpore Old 2"
"1281",3,929.728,40.671,3,255,2,107,318,"RFP","Airpore Old 3"
"1282",4,929.728,55.912,15,255,2,107,318,"RFP","Airpore Medium 1"
"1283",5,929.728,54.927,15,148,2,107,318,"RFP","Airpore Medium 2"
"1284",6,4123.441,77.429,11,255,2,107,318,"RFP","Background"
"1285",1,929.728,6.665,0,39,1,108,321,"CFP","Airpore Old 1"
"1286",2,929.728,6.988,0,38,1,108,321,"CFP","Airpore Old 2"
"1287",3,929.728,4.448,0,55,1,108,321,"CFP","Airpore Old 3"
"1288",4,929.728,7.234,0,48,1,108,321,"CFP","Airpore Medium 1"
"1289",5,929.728,5.951,0,27,1,108,321,"CFP","Airpore Medium 2"
"1290",6,4123.441,8.68,0,51,1,108,321,"CFP","Background"
"1291",1,929.728,76.681,15,255,2,108,321,"RFP","Airpore Old 1"
"1292",2,929.728,66.608,15,255,2,108,321,"RFP","Airpore Old 2"
"1293",3,929.728,41.214,7,255,2,108,321,"RFP","Airpore Old 3"
"1294",4,929.728,55.713,15,255,2,108,321,"RFP","Airpore Medium 1"
"1295",5,929.728,55.569,11,145,2,108,321,"RFP","Airpore Medium 2"
"1296",6,4123.441,78.178,11,255,2,108,321,"RFP","Background"
"1297",1,929.728,6.653,0,31,1,109,324,"CFP","Airpore Old 1"
"1298",2,929.728,6.922,0,31,1,109,324,"CFP","Airpore Old 2"
"1299",3,929.728,4.569,0,27,1,109,324,"CFP","Airpore Old 3"
"1300",4,929.728,6.674,0,28,1,109,324,"CFP","Airpore Medium 1"
"1301",5,929.728,5.941,0,27,1,109,324,"CFP","Airpore Medium 2"
"1302",6,4123.441,8.806,0,66,1,109,324,"CFP","Background"
"1303",1,929.728,76.468,23,255,2,109,324,"RFP","Airpore Old 1"
"1304",2,929.728,66.678,15,255,2,109,324,"RFP","Airpore Old 2"
"1305",3,929.728,41.237,0,255,2,109,324,"RFP","Airpore Old 3"
"1306",4,929.728,55.828,15,255,2,109,324,"RFP","Airpore Medium 1"
"1307",5,929.728,54.856,15,143,2,109,324,"RFP","Airpore Medium 2"
"1308",6,4123.441,77.678,12,255,2,109,324,"RFP","Background"
"1309",1,929.728,6.71,0,36,1,110,327,"CFP","Airpore Old 1"
"1310",2,929.728,7.161,0,43,1,110,327,"CFP","Airpore Old 2"
"1311",3,929.728,4.459,0,27,1,110,327,"CFP","Airpore Old 3"
"1312",4,929.728,6.912,0,35,1,110,327,"CFP","Airpore Medium 1"
"1313",5,929.728,5.669,0,49,1,110,327,"CFP","Airpore Medium 2"
"1314",6,4123.441,8.815,0,47,1,110,327,"CFP","Background"
"1315",1,929.728,76.719,15,255,2,110,327,"RFP","Airpore Old 1"
"1316",2,929.728,66.975,15,255,2,110,327,"RFP","Airpore Old 2"
"1317",3,929.728,41.275,3,255,2,110,327,"RFP","Airpore Old 3"
"1318",4,929.728,55.621,15,239,2,110,327,"RFP","Airpore Medium 1"
"1319",5,929.728,55.25,15,167,2,110,327,"RFP","Airpore Medium 2"
"1320",6,4123.441,77.972,7,255,2,110,327,"RFP","Background"
"1321",1,929.728,6.652,0,47,1,111,330,"CFP","Airpore Old 1"
"1322",2,929.728,7.002,0,31,1,111,330,"CFP","Airpore Old 2"
"1323",3,929.728,4.512,0,24,1,111,330,"CFP","Airpore Old 3"
"1324",4,929.728,7.001,0,31,1,111,330,"CFP","Airpore Medium 1"
"1325",5,929.728,5.832,0,28,1,111,330,"CFP","Airpore Medium 2"
"1326",6,4123.441,8.742,0,51,1,111,330,"CFP","Background"
"1327",1,929.728,76.167,19,255,2,111,330,"RFP","Airpore Old 1"
"1328",2,929.728,66.559,8,255,2,111,330,"RFP","Airpore Old 2"
"1329",3,929.728,41.813,3,255,2,111,330,"RFP","Airpore Old 3"
"1330",4,929.728,55.315,15,255,2,111,330,"RFP","Airpore Medium 1"
"1331",5,929.728,54.784,15,138,2,111,330,"RFP","Airpore Medium 2"
"1332",6,4123.441,78.086,3,255,2,111,330,"RFP","Background"
"1333",1,929.728,6.734,0,34,1,112,333,"CFP","Airpore Old 1"
"1334",2,929.728,7.172,0,44,1,112,333,"CFP","Airpore Old 2"
"1335",3,929.728,4.623,0,23,1,112,333,"CFP","Airpore Old 3"
"1336",4,929.728,6.835,0,31,1,112,333,"CFP","Airpore Medium 1"
"1337",5,929.728,5.945,0,35,1,112,333,"CFP","Airpore Medium 2"
"1338",6,4123.441,8.972,0,63,1,112,333,"CFP","Background"
"1339",1,929.728,75.862,15,255,2,112,333,"RFP","Airpore Old 1"
"1340",2,929.728,66.549,12,255,2,112,333,"RFP","Airpore Old 2"
"1341",3,929.728,41.905,3,255,2,112,333,"RFP","Airpore Old 3"
"1342",4,929.728,55.756,15,241,2,112,333,"RFP","Airpore Medium 1"
"1343",5,929.728,55.311,15,141,2,112,333,"RFP","Airpore Medium 2"
"1344",6,4123.441,78.299,11,255,2,112,333,"RFP","Background"
"1345",1,929.728,6.373,0,35,1,113,336,"CFP","Airpore Old 1"
"1346",2,929.728,6.965,0,31,1,113,336,"CFP","Airpore Old 2"
"1347",3,929.728,4.651,0,23,1,113,336,"CFP","Airpore Old 3"
"1348",4,929.728,6.769,0,31,1,113,336,"CFP","Airpore Medium 1"
"1349",5,929.728,5.93,0,31,1,113,336,"CFP","Airpore Medium 2"
"1350",6,4123.441,8.779,0,55,1,113,336,"CFP","Background"
"1351",1,929.728,75.23,15,255,2,113,336,"RFP","Airpore Old 1"
"1352",2,929.728,67.098,12,255,2,113,336,"RFP","Airpore Old 2"
"1353",3,929.728,41.527,7,255,2,113,336,"RFP","Airpore Old 3"
"1354",4,929.728,55.332,19,231,2,113,336,"RFP","Airpore Medium 1"
"1355",5,929.728,56.401,15,149,2,113,336,"RFP","Airpore Medium 2"
"1356",6,4123.441,78.188,11,255,2,113,336,"RFP","Background"
"1357",1,929.728,6.587,0,46,1,114,339,"CFP","Airpore Old 1"
"1358",2,929.728,7.051,0,39,1,114,339,"CFP","Airpore Old 2"
"1359",3,929.728,4.358,0,26,1,114,339,"CFP","Airpore Old 3"
"1360",4,929.728,7.04,0,27,1,114,339,"CFP","Airpore Medium 1"
"1361",5,929.728,5.945,0,24,1,114,339,"CFP","Airpore Medium 2"
"1362",6,4123.441,8.659,0,51,1,114,339,"CFP","Background"
"1363",1,929.728,75.162,19,255,2,114,339,"RFP","Airpore Old 1"
"1364",2,929.728,67.287,15,255,2,114,339,"RFP","Airpore Old 2"
"1365",3,929.728,41.103,3,255,2,114,339,"RFP","Airpore Old 3"
"1366",4,929.728,55.745,11,209,2,114,339,"RFP","Airpore Medium 1"
"1367",5,929.728,55.423,15,126,2,114,339,"RFP","Airpore Medium 2"
"1368",6,4123.441,78.046,7,255,2,114,339,"RFP","Background"
"1369",1,929.728,6.506,0,28,1,115,342,"CFP","Airpore Old 1"
"1370",2,929.728,7.015,0,46,1,115,342,"CFP","Airpore Old 2"
"1371",3,929.728,4.615,0,24,1,115,342,"CFP","Airpore Old 3"
"1372",4,929.728,7.182,0,31,1,115,342,"CFP","Airpore Medium 1"
"1373",5,929.728,5.755,0,27,1,115,342,"CFP","Airpore Medium 2"
"1374",6,4123.441,8.69,0,43,1,115,342,"CFP","Background"
"1375",1,929.728,76.041,15,255,2,115,342,"RFP","Airpore Old 1"
"1376",2,929.728,66.509,12,255,2,115,342,"RFP","Airpore Old 2"
"1377",3,929.728,41.97,0,255,2,115,342,"RFP","Airpore Old 3"
"1378",4,929.728,55.933,15,215,2,115,342,"RFP","Airpore Medium 1"
"1379",5,929.728,56.125,12,137,2,115,342,"RFP","Airpore Medium 2"
"1380",6,4123.441,78.409,7,255,2,115,342,"RFP","Background"
"1381",1,929.728,6.735,0,40,1,116,345,"CFP","Airpore Old 1"
"1382",2,929.728,7.069,0,38,1,116,345,"CFP","Airpore Old 2"
"1383",3,929.728,4.406,0,31,1,116,345,"CFP","Airpore Old 3"
"1384",4,929.728,7.019,0,35,1,116,345,"CFP","Airpore Medium 1"
"1385",5,929.728,5.798,0,27,1,116,345,"CFP","Airpore Medium 2"
"1386",6,4123.441,8.699,0,47,1,116,345,"CFP","Background"
"1387",1,929.728,75.958,11,255,2,116,345,"RFP","Airpore Old 1"
"1388",2,929.728,67.214,11,255,2,116,345,"RFP","Airpore Old 2"
"1389",3,929.728,41.941,3,255,2,116,345,"RFP","Airpore Old 3"
"1390",4,929.728,55.75,15,235,2,116,345,"RFP","Airpore Medium 1"
"1391",5,929.728,55.406,12,139,2,116,345,"RFP","Airpore Medium 2"
"1392",6,4123.441,78.021,7,255,2,116,345,"RFP","Background"
"1393",1,929.728,6.392,0,38,1,117,348,"CFP","Airpore Old 1"
"1394",2,929.728,6.964,0,35,1,117,348,"CFP","Airpore Old 2"
"1395",3,929.728,4.287,0,23,1,117,348,"CFP","Airpore Old 3"
"1396",4,929.728,7.216,0,34,1,117,348,"CFP","Airpore Medium 1"
"1397",5,929.728,5.888,0,38,1,117,348,"CFP","Airpore Medium 2"
"1398",6,4123.441,8.777,0,51,1,117,348,"CFP","Background"
"1399",1,929.728,75.143,11,255,2,117,348,"RFP","Airpore Old 1"
"1400",2,929.728,66.785,12,255,2,117,348,"RFP","Airpore Old 2"
"1401",3,929.728,41.729,3,255,2,117,348,"RFP","Airpore Old 3"
"1402",4,929.728,55.021,11,231,2,117,348,"RFP","Airpore Medium 1"
"1403",5,929.728,55.475,15,144,2,117,348,"RFP","Airpore Medium 2"
"1404",6,4123.441,78.556,11,255,2,117,348,"RFP","Background"
"1405",1,929.728,6.496,0,34,1,118,351,"CFP","Airpore Old 1"
"1406",2,929.728,6.758,0,35,1,118,351,"CFP","Airpore Old 2"
"1407",3,929.728,4.522,0,23,1,118,351,"CFP","Airpore Old 3"
"1408",4,929.728,7.135,0,53,1,118,351,"CFP","Airpore Medium 1"
"1409",5,929.728,5.898,0,27,1,118,351,"CFP","Airpore Medium 2"
"1410",6,4123.441,8.765,0,47,1,118,351,"CFP","Background"
"1411",1,929.728,75.222,15,255,2,118,351,"RFP","Airpore Old 1"
"1412",2,929.728,66.946,15,255,2,118,351,"RFP","Airpore Old 2"
"1413",3,929.728,41.762,7,255,2,118,351,"RFP","Airpore Old 3"
"1414",4,929.728,55.133,19,214,2,118,351,"RFP","Airpore Medium 1"
"1415",5,929.728,56.276,15,145,2,118,351,"RFP","Airpore Medium 2"
"1416",6,4123.441,78.243,7,255,2,118,351,"RFP","Background"
"1417",1,929.728,6.68,0,39,1,119,354,"CFP","Airpore Old 1"
"1418",2,929.728,6.818,0,38,1,119,354,"CFP","Airpore Old 2"
"1419",3,929.728,4.516,0,27,1,119,354,"CFP","Airpore Old 3"
"1420",4,929.728,7.008,0,31,1,119,354,"CFP","Airpore Medium 1"
"1421",5,929.728,5.78,0,28,1,119,354,"CFP","Airpore Medium 2"
"1422",6,4123.441,8.957,0,58,1,119,354,"CFP","Background"
"1423",1,929.728,73.722,11,255,2,119,354,"RFP","Airpore Old 1"
"1424",2,929.728,66.594,12,255,2,119,354,"RFP","Airpore Old 2"
"1425",3,929.728,41.721,3,255,2,119,354,"RFP","Airpore Old 3"
"1426",4,929.728,54.75,12,206,2,119,354,"RFP","Airpore Medium 1"
"1427",5,929.728,56.303,11,152,2,119,354,"RFP","Airpore Medium 2"
"1428",6,4123.441,78.547,7,255,2,119,354,"RFP","Background"
"1429",1,929.728,6.579,0,39,1,120,357,"CFP","Airpore Old 1"
"1430",2,929.728,7.018,0,31,1,120,357,"CFP","Airpore Old 2"
"1431",3,929.728,4.255,0,20,1,120,357,"CFP","Airpore Old 3"
"1432",4,929.728,6.728,0,35,1,120,357,"CFP","Airpore Medium 1"
"1433",5,929.728,5.884,0,31,1,120,357,"CFP","Airpore Medium 2"
"1434",6,4123.441,8.741,0,47,1,120,357,"CFP","Background"
"1435",1,929.728,74.229,15,255,2,120,357,"RFP","Airpore Old 1"
"1436",2,929.728,66.509,15,255,2,120,357,"RFP","Airpore Old 2"
"1437",3,929.728,41.549,3,255,2,120,357,"RFP","Airpore Old 3"
"1438",4,929.728,55.661,15,209,2,120,357,"RFP","Airpore Medium 1"
"1439",5,929.728,55.382,7,150,2,120,357,"RFP","Airpore Medium 2"
"1440",6,4123.441,78.021,12,255,2,120,357,"RFP","Background"
"1441",1,929.728,6.359,0,31,1,121,360,"CFP","Airpore Old 1"
"1442",2,929.728,7.023,0,39,1,121,360,"CFP","Airpore Old 2"
"1443",3,929.728,4.42,0,27,1,121,360,"CFP","Airpore Old 3"
"1444",4,929.728,6.98,0,31,1,121,360,"CFP","Airpore Medium 1"
"1445",5,929.728,5.668,0,27,1,121,360,"CFP","Airpore Medium 2"
"1446",6,4123.441,8.767,0,51,1,121,360,"CFP","Background"
"1447",1,929.728,74.758,19,255,2,121,360,"RFP","Airpore Old 1"
"1448",2,929.728,65.972,12,255,2,121,360,"RFP","Airpore Old 2"
"1449",3,929.728,42.075,3,255,2,121,360,"RFP","Airpore Old 3"
"1450",4,929.728,55.755,15,219,2,121,360,"RFP","Airpore Medium 1"
"1451",5,929.728,55.706,11,134,2,121,360,"RFP","Airpore Medium 2"
"1452",6,4123.441,78.714,7,255,2,121,360,"RFP","Background"
"1453",1,929.728,6.548,0,34,1,122,363,"CFP","Airpore Old 1"
"1454",2,929.728,6.919,0,43,1,122,363,"CFP","Airpore Old 2"
"1455",3,929.728,4.397,0,27,1,122,363,"CFP","Airpore Old 3"
"1456",4,929.728,6.998,0,27,1,122,363,"CFP","Airpore Medium 1"
"1457",5,929.728,5.85,0,24,1,122,363,"CFP","Airpore Medium 2"
"1458",6,4123.441,8.861,0,43,1,122,363,"CFP","Background"
"1459",1,929.728,73.309,7,255,2,122,363,"RFP","Airpore Old 1"
"1460",2,929.728,66.246,16,255,2,122,363,"RFP","Airpore Old 2"
"1461",3,929.728,41.829,7,255,2,122,363,"RFP","Airpore Old 3"
"1462",4,929.728,55.038,15,201,2,122,363,"RFP","Airpore Medium 1"
"1463",5,929.728,55.873,11,164,2,122,363,"RFP","Airpore Medium 2"
"1464",6,4123.441,78.51,7,255,2,122,363,"RFP","Background"
"1465",1,929.728,6.455,0,31,1,123,366,"CFP","Airpore Old 1"
"1466",2,929.728,7.059,0,39,1,123,366,"CFP","Airpore Old 2"
"1467",3,929.728,4.673,0,27,1,123,366,"CFP","Airpore Old 3"
"1468",4,929.728,7.106,0,34,1,123,366,"CFP","Airpore Medium 1"
"1469",5,929.728,5.86,0,36,1,123,366,"CFP","Airpore Medium 2"
"1470",6,4123.441,8.775,0,43,1,123,366,"CFP","Background"
"1471",1,929.728,73.693,11,255,2,123,366,"RFP","Airpore Old 1"
"1472",2,929.728,66.983,15,255,2,123,366,"RFP","Airpore Old 2"
"1473",3,929.728,42.603,3,255,2,123,366,"RFP","Airpore Old 3"
"1474",4,929.728,55.564,11,170,2,123,366,"RFP","Airpore Medium 1"
"1475",5,929.728,55.979,15,146,2,123,366,"RFP","Airpore Medium 2"
"1476",6,4123.441,79.169,11,255,2,123,366,"RFP","Background"
"1477",1,929.728,6.575,0,42,1,124,369,"CFP","Airpore Old 1"
"1478",2,929.728,6.93,0,35,1,124,369,"CFP","Airpore Old 2"
"1479",3,929.728,4.608,0,31,1,124,369,"CFP","Airpore Old 3"
"1480",4,929.728,6.857,0,27,1,124,369,"CFP","Airpore Medium 1"
"1481",5,929.728,5.936,0,32,1,124,369,"CFP","Airpore Medium 2"
"1482",6,4123.441,8.729,0,66,1,124,369,"CFP","Background"
"1483",1,929.728,73.722,7,255,2,124,369,"RFP","Airpore Old 1"
"1484",2,929.728,66.975,15,255,2,124,369,"RFP","Airpore Old 2"
"1485",3,929.728,42.549,0,255,2,124,369,"RFP","Airpore Old 3"
"1486",4,929.728,55.153,15,224,2,124,369,"RFP","Airpore Medium 1"
"1487",5,929.728,56.378,11,151,2,124,369,"RFP","Airpore Medium 2"
"1488",6,4123.441,79.191,8,255,2,124,369,"RFP","Background"
"1489",1,929.728,6.616,0,43,1,125,372,"CFP","Airpore Old 1"
"1490",2,929.728,7.147,0,35,1,125,372,"CFP","Airpore Old 2"
"1491",3,929.728,4.386,0,23,1,125,372,"CFP","Airpore Old 3"
"1492",4,929.728,6.891,0,31,1,125,372,"CFP","Airpore Medium 1"
"1493",5,929.728,5.939,0,31,1,125,372,"CFP","Airpore Medium 2"
"1494",6,4123.441,8.691,0,54,1,125,372,"CFP","Background"
"1495",1,929.728,73.523,12,255,2,125,372,"RFP","Airpore Old 1"
"1496",2,929.728,67.533,11,255,2,125,372,"RFP","Airpore Old 2"
"1497",3,929.728,42.488,3,255,2,125,372,"RFP","Airpore Old 3"
"1498",4,929.728,55.585,15,190,2,125,372,"RFP","Airpore Medium 1"
"1499",5,929.728,56.938,11,143,2,125,372,"RFP","Airpore Medium 2"
"1500",6,4123.441,79.082,7,255,2,125,372,"RFP","Background"
"1501",1,929.728,6.531,0,33,1,126,375,"CFP","Airpore Old 1"
"1502",2,929.728,7.156,0,34,1,126,375,"CFP","Airpore Old 2"
"1503",3,929.728,4.473,0,39,1,126,375,"CFP","Airpore Old 3"
"1504",4,929.728,7.012,0,31,1,126,375,"CFP","Airpore Medium 1"
"1505",5,929.728,6.041,0,31,1,126,375,"CFP","Airpore Medium 2"
"1506",6,4123.441,8.766,0,49,1,126,375,"CFP","Background"
"1507",1,929.728,73.271,15,255,2,126,375,"RFP","Airpore Old 1"
"1508",2,929.728,67.226,3,255,2,126,375,"RFP","Airpore Old 2"
"1509",3,929.728,41.75,3,255,2,126,375,"RFP","Airpore Old 3"
"1510",4,929.728,55.145,15,171,2,126,375,"RFP","Airpore Medium 1"
"1511",5,929.728,56.609,15,164,2,126,375,"RFP","Airpore Medium 2"
"1512",6,4123.441,79.02,11,255,2,126,375,"RFP","Background"
"1513",1,929.728,6.508,0,32,1,127,378,"CFP","Airpore Old 1"
"1514",2,929.728,7.157,0,35,1,127,378,"CFP","Airpore Old 2"
"1515",3,929.728,4.307,0,23,1,127,378,"CFP","Airpore Old 3"
"1516",4,929.728,6.891,0,36,1,127,378,"CFP","Airpore Medium 1"
"1517",5,929.728,5.778,0,24,1,127,378,"CFP","Airpore Medium 2"
"1518",6,4123.441,8.646,0,60,1,127,378,"CFP","Background"
"1519",1,929.728,72.981,15,255,2,127,378,"RFP","Airpore Old 1"
"1520",2,929.728,67.198,7,255,2,127,378,"RFP","Airpore Old 2"
"1521",3,929.728,42.758,3,255,2,127,378,"RFP","Airpore Old 3"
"1522",4,929.728,54.941,15,179,2,127,378,"RFP","Airpore Medium 1"
"1523",5,929.728,56.968,15,151,2,127,378,"RFP","Airpore Medium 2"
"1524",6,4123.441,79.809,8,255,2,127,378,"RFP","Background"
"1525",1,929.728,6.559,0,35,1,128,381,"CFP","Airpore Old 1"
"1526",2,929.728,7.165,0,35,1,128,381,"CFP","Airpore Old 2"
"1527",3,929.728,4.502,0,27,1,128,381,"CFP","Airpore Old 3"
"1528",4,929.728,6.958,0,35,1,128,381,"CFP","Airpore Medium 1"
"1529",5,929.728,5.794,0,27,1,128,381,"CFP","Airpore Medium 2"
"1530",6,4123.441,8.748,0,62,1,128,381,"CFP","Background"
"1531",1,929.728,72.692,16,255,2,128,381,"RFP","Airpore Old 1"
"1532",2,929.728,67.064,12,255,2,128,381,"RFP","Airpore Old 2"
"1533",3,929.728,42.086,3,255,2,128,381,"RFP","Airpore Old 3"
"1534",4,929.728,54.422,11,189,2,128,381,"RFP","Airpore Medium 1"
"1535",5,929.728,56.469,11,143,2,128,381,"RFP","Airpore Medium 2"
"1536",6,4123.441,79.468,11,255,2,128,381,"RFP","Background"
"1537",1,929.728,6.64,0,34,1,129,384,"CFP","Airpore Old 1"
"1538",2,929.728,7.011,0,35,1,129,384,"CFP","Airpore Old 2"
"1539",3,929.728,4.512,0,27,1,129,384,"CFP","Airpore Old 3"
"1540",4,929.728,7.103,0,32,1,129,384,"CFP","Airpore Medium 1"
"1541",5,929.728,5.858,0,27,1,129,384,"CFP","Airpore Medium 2"
"1542",6,4123.441,8.6,0,50,1,129,384,"CFP","Background"
"1543",1,929.728,73.003,15,255,2,129,384,"RFP","Airpore Old 1"
"1544",2,929.728,67.755,15,255,2,129,384,"RFP","Airpore Old 2"
"1545",3,929.728,42.385,3,255,2,129,384,"RFP","Airpore Old 3"
"1546",4,929.728,54.891,15,162,2,129,384,"RFP","Airpore Medium 1"
"1547",5,929.728,56.393,11,152,2,129,384,"RFP","Airpore Medium 2"
"1548",6,4123.441,79.511,7,255,2,129,384,"RFP","Background"
"1549",1,929.728,6.447,0,35,1,130,387,"CFP","Airpore Old 1"
"1550",2,929.728,6.825,0,40,1,130,387,"CFP","Airpore Old 2"
"1551",3,929.728,4.514,0,31,1,130,387,"CFP","Airpore Old 3"
"1552",4,929.728,6.939,0,31,1,130,387,"CFP","Airpore Medium 1"
"1553",5,929.728,5.831,0,27,1,130,387,"CFP","Airpore Medium 2"
"1554",6,4123.441,8.765,0,54,1,130,387,"CFP","Background"
"1555",1,929.728,72.729,19,255,2,130,387,"RFP","Airpore Old 1"
"1556",2,929.728,67.428,12,255,2,130,387,"RFP","Airpore Old 2"
"1557",3,929.728,42.753,3,255,2,130,387,"RFP","Airpore Old 3"
"1558",4,929.728,55.34,15,180,2,130,387,"RFP","Airpore Medium 1"
"1559",5,929.728,56.085,15,146,2,130,387,"RFP","Airpore Medium 2"
"1560",6,4123.441,79.385,7,255,2,130,387,"RFP","Background"
"1561",1,929.728,6.439,0,39,1,131,390,"CFP","Airpore Old 1"
"1562",2,929.728,6.98,0,31,1,131,390,"CFP","Airpore Old 2"
"1563",3,929.728,4.699,0,23,1,131,390,"CFP","Airpore Old 3"
"1564",4,929.728,7.075,0,32,1,131,390,"CFP","Airpore Medium 1"
"1565",5,929.728,5.925,0,46,1,131,390,"CFP","Airpore Medium 2"
"1566",6,4123.441,8.679,0,46,1,131,390,"CFP","Background"
"1567",1,929.728,72.546,16,255,2,131,390,"RFP","Airpore Old 1"
"1568",2,929.728,67.105,15,255,2,131,390,"RFP","Airpore Old 2"
"1569",3,929.728,42.609,3,255,2,131,390,"RFP","Airpore Old 3"
"1570",4,929.728,54.798,15,179,2,131,390,"RFP","Airpore Medium 1"
"1571",5,929.728,56.946,11,163,2,131,390,"RFP","Airpore Medium 2"
"1572",6,4123.441,79.348,8,255,2,131,390,"RFP","Background"
"1573",1,929.728,6.308,0,35,1,132,393,"CFP","Airpore Old 1"
"1574",2,929.728,7.14,0,35,1,132,393,"CFP","Airpore Old 2"
"1575",3,929.728,4.541,0,35,1,132,393,"CFP","Airpore Old 3"
"1576",4,929.728,6.909,0,27,1,132,393,"CFP","Airpore Medium 1"
"1577",5,929.728,5.843,0,27,1,132,393,"CFP","Airpore Medium 2"
"1578",6,4123.441,8.743,0,55,1,132,393,"CFP","Background"
"1579",1,929.728,71.852,15,255,2,132,393,"RFP","Airpore Old 1"
"1580",2,929.728,67.577,15,255,2,132,393,"RFP","Airpore Old 2"
"1581",3,929.728,42.748,3,255,2,132,393,"RFP","Airpore Old 3"
"1582",4,929.728,54.93,15,188,2,132,393,"RFP","Airpore Medium 1"
"1583",5,929.728,56.395,7,180,2,132,393,"RFP","Airpore Medium 2"
"1584",6,4123.441,79.596,7,255,2,132,393,"RFP","Background"
"1585",1,929.728,6.485,0,27,1,133,396,"CFP","Airpore Old 1"
"1586",2,929.728,6.878,0,28,1,133,396,"CFP","Airpore Old 2"
"1587",3,929.728,4.344,0,23,1,133,396,"CFP","Airpore Old 3"
"1588",4,929.728,6.795,0,31,1,133,396,"CFP","Airpore Medium 1"
"1589",5,929.728,5.873,0,27,1,133,396,"CFP","Airpore Medium 2"
"1590",6,4123.441,8.595,0,43,1,133,396,"CFP","Background"
"1591",1,929.728,72.057,15,255,2,133,396,"RFP","Airpore Old 1"
"1592",2,929.728,67.349,12,255,2,133,396,"RFP","Airpore Old 2"
"1593",3,929.728,42.526,3,255,2,133,396,"RFP","Airpore Old 3"
"1594",4,929.728,55.708,15,173,2,133,396,"RFP","Airpore Medium 1"
"1595",5,929.728,56.148,11,136,2,133,396,"RFP","Airpore Medium 2"
"1596",6,4123.441,79.369,8,255,2,133,396,"RFP","Background"
"1597",1,929.728,6.251,0,27,1,134,399,"CFP","Airpore Old 1"
"1598",2,929.728,6.973,0,40,1,134,399,"CFP","Airpore Old 2"
"1599",3,929.728,4.361,0,31,1,134,399,"CFP","Airpore Old 3"
"1600",4,929.728,6.888,0,27,1,134,399,"CFP","Airpore Medium 1"
"1601",5,929.728,5.833,0,27,1,134,399,"CFP","Airpore Medium 2"
"1602",6,4123.441,8.633,0,50,1,134,399,"CFP","Background"
"1603",1,929.728,71.458,11,255,2,134,399,"RFP","Airpore Old 1"
"1604",2,929.728,67.487,12,255,2,134,399,"RFP","Airpore Old 2"
"1605",3,929.728,42.235,7,255,2,134,399,"RFP","Airpore Old 3"
"1606",4,929.728,55.197,15,158,2,134,399,"RFP","Airpore Medium 1"
"1607",5,929.728,56.758,12,155,2,134,399,"RFP","Airpore Medium 2"
"1608",6,4123.441,79.16,11,255,2,134,399,"RFP","Background"
"1609",1,929.728,6.198,0,32,1,135,402,"CFP","Airpore Old 1"
"1610",2,929.728,6.723,0,27,1,135,402,"CFP","Airpore Old 2"
"1611",3,929.728,4.409,0,27,1,135,402,"CFP","Airpore Old 3"
"1612",4,929.728,7.089,0,35,1,135,402,"CFP","Airpore Medium 1"
"1613",5,929.728,5.94,0,27,1,135,402,"CFP","Airpore Medium 2"
"1614",6,4123.441,8.721,0,46,1,135,402,"CFP","Background"
"1615",1,929.728,70.363,7,255,2,135,402,"RFP","Airpore Old 1"
"1616",2,929.728,67.165,12,255,2,135,402,"RFP","Airpore Old 2"
"1617",3,929.728,42.455,3,255,2,135,402,"RFP","Airpore Old 3"
"1618",4,929.728,55.189,11,154,2,135,402,"RFP","Airpore Medium 1"
"1619",5,929.728,56.187,15,155,2,135,402,"RFP","Airpore Medium 2"
"1620",6,4123.441,79.18,11,255,2,135,402,"RFP","Background"
"1621",1,929.728,6.191,0,31,1,136,405,"CFP","Airpore Old 1"
"1622",2,929.728,6.87,0,35,1,136,405,"CFP","Airpore Old 2"
"1623",3,929.728,4.473,0,31,1,136,405,"CFP","Airpore Old 3"
"1624",4,929.728,6.996,0,45,1,136,405,"CFP","Airpore Medium 1"
"1625",5,929.728,5.9,0,31,1,136,405,"CFP","Airpore Medium 2"
"1626",6,4123.441,8.665,0,47,1,136,405,"CFP","Background"
"1627",1,929.728,71.535,11,255,2,136,405,"RFP","Airpore Old 1"
"1628",2,929.728,66.751,15,255,2,136,405,"RFP","Airpore Old 2"
"1629",3,929.728,42.108,3,255,2,136,405,"RFP","Airpore Old 3"
"1630",4,929.728,54.554,15,209,2,136,405,"RFP","Airpore Medium 1"
"1631",5,929.728,56.522,11,201,2,136,405,"RFP","Airpore Medium 2"
"1632",6,4123.441,79.065,7,255,2,136,405,"RFP","Background"
"1633",1,929.728,6.331,0,34,1,137,408,"CFP","Airpore Old 1"
"1634",2,929.728,7.038,0,34,1,137,408,"CFP","Airpore Old 2"
"1635",3,929.728,4.492,0,27,1,137,408,"CFP","Airpore Old 3"
"1636",4,929.728,6.932,0,34,1,137,408,"CFP","Airpore Medium 1"
"1637",5,929.728,6.069,0,27,1,137,408,"CFP","Airpore Medium 2"
"1638",6,4123.441,8.762,0,51,1,137,408,"CFP","Background"
"1639",1,929.728,71.608,7,255,2,137,408,"RFP","Airpore Old 1"
"1640",2,929.728,67.739,11,255,2,137,408,"RFP","Airpore Old 2"
"1641",3,929.728,42.086,3,255,2,137,408,"RFP","Airpore Old 3"
"1642",4,929.728,55.297,15,168,2,137,408,"RFP","Airpore Medium 1"
"1643",5,929.728,57.076,15,204,2,137,408,"RFP","Airpore Medium 2"
"1644",6,4123.441,79.683,7,255,2,137,408,"RFP","Background"
"1645",1,929.728,6.374,0,35,1,138,411,"CFP","Airpore Old 1"
"1646",2,929.728,6.978,0,31,1,138,411,"CFP","Airpore Old 2"
"1647",3,929.728,4.454,0,35,1,138,411,"CFP","Airpore Old 3"
"1648",4,929.728,6.923,0,37,1,138,411,"CFP","Airpore Medium 1"
"1649",5,929.728,5.972,0,35,1,138,411,"CFP","Airpore Medium 2"
"1650",6,4123.441,8.559,0,43,1,138,411,"CFP","Background"
"1651",1,929.728,71.078,15,255,2,138,411,"RFP","Airpore Old 1"
"1652",2,929.728,67.787,11,255,2,138,411,"RFP","Airpore Old 2"
"1653",3,929.728,42.167,3,255,2,138,411,"RFP","Airpore Old 3"
"1654",4,929.728,55.237,11,166,2,138,411,"RFP","Airpore Medium 1"
"1655",5,929.728,57.496,12,143,2,138,411,"RFP","Airpore Medium 2"
"1656",6,4123.441,79.787,7,255,2,138,411,"RFP","Background"
"1657",1,929.728,6.393,0,31,1,139,414,"CFP","Airpore Old 1"
"1658",2,929.728,7.183,0,31,1,139,414,"CFP","Airpore Old 2"
"1659",3,929.728,4.603,0,34,1,139,414,"CFP","Airpore Old 3"
"1660",4,929.728,7.059,0,39,1,139,414,"CFP","Airpore Medium 1"
"1661",5,929.728,6.085,0,32,1,139,414,"CFP","Airpore Medium 2"
"1662",6,4123.441,8.732,0,51,1,139,414,"CFP","Background"
"1663",1,929.728,70.811,11,245,2,139,414,"RFP","Airpore Old 1"
"1664",2,929.728,67.784,11,255,2,139,414,"RFP","Airpore Old 2"
"1665",3,929.728,42.331,3,255,2,139,414,"RFP","Airpore Old 3"
"1666",4,929.728,54.603,15,178,2,139,414,"RFP","Airpore Medium 1"
"1667",5,929.728,57.464,15,138,2,139,414,"RFP","Airpore Medium 2"
"1668",6,4123.441,79.819,11,255,2,139,414,"RFP","Background"
"1669",1,929.728,6.391,0,32,1,140,417,"CFP","Airpore Old 1"
"1670",2,929.728,7.009,0,31,1,140,417,"CFP","Airpore Old 2"
"1671",3,929.728,4.533,0,27,1,140,417,"CFP","Airpore Old 3"
"1672",4,929.728,6.943,0,31,1,140,417,"CFP","Airpore Medium 1"
"1673",5,929.728,5.857,0,27,1,140,417,"CFP","Airpore Medium 2"
"1674",6,4123.441,8.614,0,44,1,140,417,"CFP","Background"
"1675",1,929.728,71.752,19,255,2,140,417,"RFP","Airpore Old 1"
"1676",2,929.728,67.9,15,255,2,140,417,"RFP","Airpore Old 2"
"1677",3,929.728,42.824,3,255,2,140,417,"RFP","Airpore Old 3"
"1678",4,929.728,55.265,11,162,2,140,417,"RFP","Airpore Medium 1"
"1679",5,929.728,57.504,15,161,2,140,417,"RFP","Airpore Medium 2"
"1680",6,4123.441,79.773,8,255,2,140,417,"RFP","Background"
"1681",1,929.728,6.158,0,32,1,141,420,"CFP","Airpore Old 1"
"1682",2,929.728,6.928,0,35,1,141,420,"CFP","Airpore Old 2"
"1683",3,929.728,4.453,0,27,1,141,420,"CFP","Airpore Old 3"
"1684",4,929.728,6.959,0,31,1,141,420,"CFP","Airpore Medium 1"
"1685",5,929.728,6.112,0,27,1,141,420,"CFP","Airpore Medium 2"
"1686",6,4123.441,8.662,0,54,1,141,420,"CFP","Background"
"1687",1,929.728,69.98,12,255,2,141,420,"RFP","Airpore Old 1"
"1688",2,929.728,67.624,11,255,2,141,420,"RFP","Airpore Old 2"
"1689",3,929.728,42.193,7,255,2,141,420,"RFP","Airpore Old 3"
"1690",4,929.728,54.833,11,182,2,141,420,"RFP","Airpore Medium 1"
"1691",5,929.728,57.447,15,184,2,141,420,"RFP","Airpore Medium 2"
"1692",6,4123.441,79.778,11,255,2,141,420,"RFP","Background"
"1693",1,929.728,6.41,0,35,1,142,423,"CFP","Airpore Old 1"
"1694",2,929.728,6.922,0,35,1,142,423,"CFP","Airpore Old 2"
"1695",3,929.728,4.627,0,27,1,142,423,"CFP","Airpore Old 3"
"1696",4,929.728,7.088,0,35,1,142,423,"CFP","Airpore Medium 1"
"1697",5,929.728,6.028,0,31,1,142,423,"CFP","Airpore Medium 2"
"1698",6,4123.441,8.588,0,58,1,142,423,"CFP","Background"
"1699",1,929.728,70.943,19,255,2,142,423,"RFP","Airpore Old 1"
"1700",2,929.728,68.185,15,255,2,142,423,"RFP","Airpore Old 2"
"1701",3,929.728,42.053,3,255,2,142,423,"RFP","Airpore Old 3"
"1702",4,929.728,55.171,12,163,2,142,423,"RFP","Airpore Medium 1"
"1703",5,929.728,57.387,11,159,2,142,423,"RFP","Airpore Medium 2"
"1704",6,4123.441,80.033,8,255,2,142,423,"RFP","Background"
"1705",1,929.728,6.507,0,36,1,143,426,"CFP","Airpore Old 1"
"1706",2,929.728,6.985,0,31,1,143,426,"CFP","Airpore Old 2"
"1707",3,929.728,4.451,0,24,1,143,426,"CFP","Airpore Old 3"
"1708",4,929.728,7.204,0,31,1,143,426,"CFP","Airpore Medium 1"
"1709",5,929.728,6.066,0,42,1,143,426,"CFP","Airpore Medium 2"
"1710",6,4123.441,8.627,0,52,1,143,426,"CFP","Background"
"1711",1,929.728,69.831,3,255,2,143,426,"RFP","Airpore Old 1"
"1712",2,929.728,68.061,15,255,2,143,426,"RFP","Airpore Old 2"
"1713",3,929.728,43.24,3,255,2,143,426,"RFP","Airpore Old 3"
"1714",4,929.728,54.981,15,187,2,143,426,"RFP","Airpore Medium 1"
"1715",5,929.728,57.894,15,184,2,143,426,"RFP","Airpore Medium 2"
"1716",6,4123.441,79.871,7,255,2,143,426,"RFP","Background"
"1717",1,929.728,6.466,0,31,1,144,429,"CFP","Airpore Old 1"
"1718",2,929.728,7.046,0,38,1,144,429,"CFP","Airpore Old 2"
"1719",3,929.728,4.67,0,24,1,144,429,"CFP","Airpore Old 3"
"1720",4,929.728,7.058,0,31,1,144,429,"CFP","Airpore Medium 1"
"1721",5,929.728,6.062,0,44,1,144,429,"CFP","Airpore Medium 2"
"1722",6,4123.441,8.72,0,55,1,144,429,"CFP","Background"
"1723",1,929.728,71.019,15,255,2,144,429,"RFP","Airpore Old 1"
"1724",2,929.728,67.731,11,255,2,144,429,"RFP","Airpore Old 2"
"1725",3,929.728,42.865,3,255,2,144,429,"RFP","Airpore Old 3"
"1726",4,929.728,55.635,11,187,2,144,429,"RFP","Airpore Medium 1"
"1727",5,929.728,58.434,15,175,2,144,429,"RFP","Airpore Medium 2"
"1728",6,4123.441,80.065,8,255,2,144,429,"RFP","Background"
"1729",1,929.728,6.365,0,44,1,145,432,"CFP","Airpore Old 1"
"1730",2,929.728,7.201,0,27,1,145,432,"CFP","Airpore Old 2"
"1731",3,929.728,4.518,0,24,1,145,432,"CFP","Airpore Old 3"
"1732",4,929.728,7.041,0,35,1,145,432,"CFP","Airpore Medium 1"
"1733",5,929.728,6.044,0,32,1,145,432,"CFP","Airpore Medium 2"
"1734",6,4123.441,8.616,0,50,1,145,432,"CFP","Background"
"1735",1,929.728,70.345,8,255,2,145,432,"RFP","Airpore Old 1"
"1736",2,929.728,67.838,7,255,2,145,432,"RFP","Airpore Old 2"
"1737",3,929.728,43.092,3,255,2,145,432,"RFP","Airpore Old 3"
"1738",4,929.728,55.674,15,158,2,145,432,"RFP","Airpore Medium 1"
"1739",5,929.728,57.377,15,138,2,145,432,"RFP","Airpore Medium 2"
"1740",6,4123.441,79.905,11,255,2,145,432,"RFP","Background"
"1741",1,929.728,6.146,0,32,1,146,435,"CFP","Airpore Old 1"
"1742",2,929.728,7.028,0,31,1,146,435,"CFP","Airpore Old 2"
"1743",3,929.728,4.415,0,27,1,146,435,"CFP","Airpore Old 3"
"1744",4,929.728,7.205,0,31,1,146,435,"CFP","Airpore Medium 1"
"1745",5,929.728,6.066,0,28,1,146,435,"CFP","Airpore Medium 2"
"1746",6,4123.441,8.615,0,43,1,146,435,"CFP","Background"
"1747",1,929.728,70.441,15,255,2,146,435,"RFP","Airpore Old 1"
"1748",2,929.728,67.788,12,255,2,146,435,"RFP","Airpore Old 2"
"1749",3,929.728,43.103,7,255,2,146,435,"RFP","Airpore Old 3"
"1750",4,929.728,55.468,12,178,2,146,435,"RFP","Airpore Medium 1"
"1751",5,929.728,57.376,15,158,2,146,435,"RFP","Airpore Medium 2"
"1752",6,4123.441,79.863,7,255,2,146,435,"RFP","Background"
"1753",1,929.728,6.236,0,32,1,147,438,"CFP","Airpore Old 1"
"1754",2,929.728,7.243,0,31,1,147,438,"CFP","Airpore Old 2"
"1755",3,929.728,4.242,0,27,1,147,438,"CFP","Airpore Old 3"
"1756",4,929.728,6.92,0,31,1,147,438,"CFP","Airpore Medium 1"
"1757",5,929.728,6.023,0,41,1,147,438,"CFP","Airpore Medium 2"
"1758",6,4123.441,8.7,0,47,1,147,438,"CFP","Background"
"1759",1,929.728,70.014,15,249,2,147,438,"RFP","Airpore Old 1"
"1760",2,929.728,68.407,11,255,2,147,438,"RFP","Airpore Old 2"
"1761",3,929.728,42.368,3,255,2,147,438,"RFP","Airpore Old 3"
"1762",4,929.728,55.846,15,167,2,147,438,"RFP","Airpore Medium 1"
"1763",5,929.728,57.962,11,153,2,147,438,"RFP","Airpore Medium 2"
"1764",6,4123.441,80.139,7,255,2,147,438,"RFP","Background"
"1765",1,929.728,6.254,0,45,1,148,441,"CFP","Airpore Old 1"
"1766",2,929.728,7.187,0,42,1,148,441,"CFP","Airpore Old 2"
"1767",3,929.728,4.519,0,32,1,148,441,"CFP","Airpore Old 3"
"1768",4,929.728,7.117,0,27,1,148,441,"CFP","Airpore Medium 1"
"1769",5,929.728,5.998,0,27,1,148,441,"CFP","Airpore Medium 2"
"1770",6,4123.441,8.507,0,43,1,148,441,"CFP","Background"
"1771",1,929.728,68.913,11,255,2,148,441,"RFP","Airpore Old 1"
"1772",2,929.728,67.868,12,255,2,148,441,"RFP","Airpore Old 2"
"1773",3,929.728,43.041,3,255,2,148,441,"RFP","Airpore Old 3"
"1774",4,929.728,55.667,15,174,2,148,441,"RFP","Airpore Medium 1"
"1775",5,929.728,56.9,15,139,2,148,441,"RFP","Airpore Medium 2"
"1776",6,4123.441,79.776,3,255,2,148,441,"RFP","Background"
"1777",1,929.728,5.998,0,34,1,149,444,"CFP","Airpore Old 1"
"1778",2,929.728,7.242,0,35,1,149,444,"CFP","Airpore Old 2"
"1779",3,929.728,4.305,0,28,1,149,444,"CFP","Airpore Old 3"
"1780",4,929.728,7.194,0,31,1,149,444,"CFP","Airpore Medium 1"
"1781",5,929.728,5.831,0,27,1,149,444,"CFP","Airpore Medium 2"
"1782",6,4123.441,8.612,0,43,1,149,444,"CFP","Background"
"1783",1,929.728,68.696,15,255,2,149,444,"RFP","Airpore Old 1"
"1784",2,929.728,67.857,12,255,2,149,444,"RFP","Airpore Old 2"
"1785",3,929.728,42.423,3,255,2,149,444,"RFP","Airpore Old 3"
"1786",4,929.728,55.34,7,139,2,149,444,"RFP","Airpore Medium 1"
"1787",5,929.728,56.865,12,159,2,149,444,"RFP","Airpore Medium 2"
"1788",6,4123.441,79.681,11,255,2,149,444,"RFP","Background"
"1789",1,929.728,6.125,0,27,1,150,447,"CFP","Airpore Old 1"
"1790",2,929.728,7.035,0,35,1,150,447,"CFP","Airpore Old 2"
"1791",3,929.728,4.483,0,23,1,150,447,"CFP","Airpore Old 3"
"1792",4,929.728,6.79,0,34,1,150,447,"CFP","Airpore Medium 1"
"1793",5,929.728,5.978,0,39,1,150,447,"CFP","Airpore Medium 2"
"1794",6,4123.441,8.625,0,55,1,150,447,"CFP","Background"
"1795",1,929.728,68.031,15,252,2,150,447,"RFP","Airpore Old 1"
"1796",2,929.728,67.108,7,255,2,150,447,"RFP","Airpore Old 2"
"1797",3,929.728,42.742,0,255,2,150,447,"RFP","Airpore Old 3"
"1798",4,929.728,54.557,11,149,2,150,447,"RFP","Airpore Medium 1"
"1799",5,929.728,57.363,12,177,2,150,447,"RFP","Airpore Medium 2"
"1800",6,4123.441,79.52,7,255,2,150,447,"RFP","Background"
"1801",1,929.728,6.292,0,31,1,151,450,"CFP","Airpore Old 1"
"1802",2,929.728,7.166,0,36,1,151,450,"CFP","Airpore Old 2"
"1803",3,929.728,4.354,0,23,1,151,450,"CFP","Airpore Old 3"
"1804",4,929.728,6.949,0,27,1,151,450,"CFP","Airpore Medium 1"
"1805",5,929.728,5.788,0,41,1,151,450,"CFP","Airpore Medium 2"
"1806",6,4123.441,8.394,0,49,1,151,450,"CFP","Background"
"1807",1,929.728,68.219,11,245,2,151,450,"RFP","Airpore Old 1"
"1808",2,929.728,67.754,7,255,2,151,450,"RFP","Airpore Old 2"
"1809",3,929.728,41.983,3,255,2,151,450,"RFP","Airpore Old 3"
"1810",4,929.728,54.456,15,143,2,151,450,"RFP","Airpore Medium 1"
"1811",5,929.728,57.526,15,169,2,151,450,"RFP","Airpore Medium 2"
"1812",6,4123.441,79.434,11,255,2,151,450,"RFP","Background"
"1813",1,929.728,6.097,0,35,1,152,453,"CFP","Airpore Old 1"
"1814",2,929.728,7.047,0,43,1,152,453,"CFP","Airpore Old 2"
"1815",3,929.728,4.478,0,31,1,152,453,"CFP","Airpore Old 3"
"1816",4,929.728,6.933,0,31,1,152,453,"CFP","Airpore Medium 1"
"1817",5,929.728,6.109,0,39,1,152,453,"CFP","Airpore Medium 2"
"1818",6,4123.441,8.55,0,46,1,152,453,"CFP","Background"
"1819",1,929.728,68.397,15,255,2,152,453,"RFP","Airpore Old 1"
"1820",2,929.728,68.235,19,255,2,152,453,"RFP","Airpore Old 2"
"1821",3,929.728,42.278,3,255,2,152,453,"RFP","Airpore Old 3"
"1822",4,929.728,55.215,11,150,2,152,453,"RFP","Airpore Medium 1"
"1823",5,929.728,58.354,12,157,2,152,453,"RFP","Airpore Medium 2"
"1824",6,4123.441,79.73,7,255,2,152,453,"RFP","Background"
"1825",1,929.728,6.116,0,31,1,153,456,"CFP","Airpore Old 1"
"1826",2,929.728,6.988,0,31,1,153,456,"CFP","Airpore Old 2"
"1827",3,929.728,4.487,0,23,1,153,456,"CFP","Airpore Old 3"
"1828",4,929.728,6.968,0,31,1,153,456,"CFP","Airpore Medium 1"
"1829",5,929.728,5.88,0,31,1,153,456,"CFP","Airpore Medium 2"
"1830",6,4123.441,8.536,0,39,1,153,456,"CFP","Background"
"1831",1,929.728,69.059,11,255,2,153,456,"RFP","Airpore Old 1"
"1832",2,929.728,68.548,11,255,2,153,456,"RFP","Airpore Old 2"
"1833",3,929.728,42.772,3,255,2,153,456,"RFP","Airpore Old 3"
"1834",4,929.728,55.374,12,166,2,153,456,"RFP","Airpore Medium 1"
"1835",5,929.728,57.572,12,146,2,153,456,"RFP","Airpore Medium 2"
"1836",6,4123.441,80.092,3,255,2,153,456,"RFP","Background"
"1837",1,929.728,6.159,0,31,1,154,459,"CFP","Airpore Old 1"
"1838",2,929.728,6.909,0,35,1,154,459,"CFP","Airpore Old 2"
"1839",3,929.728,4.522,0,41,1,154,459,"CFP","Airpore Old 3"
"1840",4,929.728,6.815,0,31,1,154,459,"CFP","Airpore Medium 1"
"1841",5,929.728,5.963,0,27,1,154,459,"CFP","Airpore Medium 2"
"1842",6,4123.441,8.559,0,43,1,154,459,"CFP","Background"
"1843",1,929.728,68.973,11,255,2,154,459,"RFP","Airpore Old 1"
"1844",2,929.728,68.854,15,255,2,154,459,"RFP","Airpore Old 2"
"1845",3,929.728,42.813,3,255,2,154,459,"RFP","Airpore Old 3"
"1846",4,929.728,56.113,16,165,2,154,459,"RFP","Airpore Medium 1"
"1847",5,929.728,58.195,15,145,2,154,459,"RFP","Airpore Medium 2"
"1848",6,4123.441,80.201,8,255,2,154,459,"RFP","Background"
"1849",1,929.728,6.08,0,31,1,155,462,"CFP","Airpore Old 1"
"1850",2,929.728,7.035,0,31,1,155,462,"CFP","Airpore Old 2"
"1851",3,929.728,4.454,0,35,1,155,462,"CFP","Airpore Old 3"
"1852",4,929.728,7.286,0,37,1,155,462,"CFP","Airpore Medium 1"
"1853",5,929.728,6.131,0,39,1,155,462,"CFP","Airpore Medium 2"
"1854",6,4123.441,8.521,0,51,1,155,462,"CFP","Background"
"1855",1,929.728,68.833,7,237,2,155,462,"RFP","Airpore Old 1"
"1856",2,929.728,68.834,8,255,2,155,462,"RFP","Airpore Old 2"
"1857",3,929.728,42.341,3,255,2,155,462,"RFP","Airpore Old 3"
"1858",4,929.728,55.265,11,153,2,155,462,"RFP","Airpore Medium 1"
"1859",5,929.728,57.517,3,152,2,155,462,"RFP","Airpore Medium 2"
"1860",6,4123.441,80.046,8,255,2,155,462,"RFP","Background"
"1861",1,929.728,6.263,0,27,1,156,465,"CFP","Airpore Old 1"
"1862",2,929.728,7.14,0,31,1,156,465,"CFP","Airpore Old 2"
"1863",3,929.728,4.43,0,24,1,156,465,"CFP","Airpore Old 3"
"1864",4,929.728,7.161,0,32,1,156,465,"CFP","Airpore Medium 1"
"1865",5,929.728,6.115,0,31,1,156,465,"CFP","Airpore Medium 2"
"1866",6,4123.441,8.529,0,52,1,156,465,"CFP","Background"
"1867",1,929.728,67.324,15,255,2,156,465,"RFP","Airpore Old 1"
"1868",2,929.728,68.888,8,255,2,156,465,"RFP","Airpore Old 2"
"1869",3,929.728,42.044,3,255,2,156,465,"RFP","Airpore Old 3"
"1870",4,929.728,54.87,15,158,2,156,465,"RFP","Airpore Medium 1"
"1871",5,929.728,57.983,11,142,2,156,465,"RFP","Airpore Medium 2"
"1872",6,4123.441,80.218,7,255,2,156,465,"RFP","Background"
"1873",1,929.728,6.11,0,27,1,157,468,"CFP","Airpore Old 1"
"1874",2,929.728,7.281,0,35,1,157,468,"CFP","Airpore Old 2"
"1875",3,929.728,4.328,0,46,1,157,468,"CFP","Airpore Old 3"
"1876",4,929.728,7.117,0,35,1,157,468,"CFP","Airpore Medium 1"
"1877",5,929.728,6.1,0,27,1,157,468,"CFP","Airpore Medium 2"
"1878",6,4123.441,8.56,0,47,1,157,468,"CFP","Background"
"1879",1,929.728,67.288,7,255,2,157,468,"RFP","Airpore Old 1"
"1880",2,929.728,69.766,12,255,2,157,468,"RFP","Airpore Old 2"
"1881",3,929.728,42.741,7,255,2,157,468,"RFP","Airpore Old 3"
"1882",4,929.728,55.552,11,147,2,157,468,"RFP","Airpore Medium 1"
"1883",5,929.728,58.598,11,141,2,157,468,"RFP","Airpore Medium 2"
"1884",6,4123.441,80.139,8,255,2,157,468,"RFP","Background"
"1885",1,929.728,6.137,0,31,1,158,471,"CFP","Airpore Old 1"
"1886",2,929.728,6.886,0,35,1,158,471,"CFP","Airpore Old 2"
"1887",3,929.728,4.397,0,27,1,158,471,"CFP","Airpore Old 3"
"1888",4,929.728,7.043,0,27,1,158,471,"CFP","Airpore Medium 1"
"1889",5,929.728,5.92,0,36,1,158,471,"CFP","Airpore Medium 2"
"1890",6,4123.441,8.573,0,54,1,158,471,"CFP","Background"
"1891",1,929.728,67.862,15,207,2,158,471,"RFP","Airpore Old 1"
"1892",2,929.728,68.349,3,255,2,158,471,"RFP","Airpore Old 2"
"1893",3,929.728,42.711,3,255,2,158,471,"RFP","Airpore Old 3"
"1894",4,929.728,55.536,15,179,2,158,471,"RFP","Airpore Medium 1"
"1895",5,929.728,58.334,8,150,2,158,471,"RFP","Airpore Medium 2"
"1896",6,4123.441,79.981,8,255,2,158,471,"RFP","Background"
"1897",1,929.728,5.962,0,31,1,159,474,"CFP","Airpore Old 1"
"1898",2,929.728,7.22,0,53,1,159,474,"CFP","Airpore Old 2"
"1899",3,929.728,4.639,0,31,1,159,474,"CFP","Airpore Old 3"
"1900",4,929.728,7.033,0,27,1,159,474,"CFP","Airpore Medium 1"
"1901",5,929.728,5.973,0,31,1,159,474,"CFP","Airpore Medium 2"
"1902",6,4123.441,8.449,0,46,1,159,474,"CFP","Background"
"1903",1,929.728,67.574,12,221,2,159,474,"RFP","Airpore Old 1"
"1904",2,929.728,69.187,7,255,2,159,474,"RFP","Airpore Old 2"
"1905",3,929.728,42.53,3,255,2,159,474,"RFP","Airpore Old 3"
"1906",4,929.728,55.327,15,181,2,159,474,"RFP","Airpore Medium 1"
"1907",5,929.728,58.396,8,150,2,159,474,"RFP","Airpore Medium 2"
"1908",6,4123.441,79.766,7,255,2,159,474,"RFP","Background"
"1909",1,929.728,6.331,0,40,1,160,477,"CFP","Airpore Old 1"
"1910",2,929.728,7.372,0,31,1,160,477,"CFP","Airpore Old 2"
"1911",3,929.728,4.464,0,27,1,160,477,"CFP","Airpore Old 3"
"1912",4,929.728,6.824,0,27,1,160,477,"CFP","Airpore Medium 1"
"1913",5,929.728,6.147,0,31,1,160,477,"CFP","Airpore Medium 2"
"1914",6,4123.441,8.436,0,77,1,160,477,"CFP","Background"
"1915",1,929.728,66.746,15,255,2,160,477,"RFP","Airpore Old 1"
"1916",2,929.728,69.344,15,255,2,160,477,"RFP","Airpore Old 2"
"1917",3,929.728,42.326,3,255,2,160,477,"RFP","Airpore Old 3"
"1918",4,929.728,55.2,15,169,2,160,477,"RFP","Airpore Medium 1"
"1919",5,929.728,58.705,7,139,2,160,477,"RFP","Airpore Medium 2"
"1920",6,4123.441,80.117,8,255,2,160,477,"RFP","Background"
"1921",1,929.728,6.158,0,31,1,161,480,"CFP","Airpore Old 1"
"1922",2,929.728,7.081,0,34,1,161,480,"CFP","Airpore Old 2"
"1923",3,929.728,4.411,0,31,1,161,480,"CFP","Airpore Old 3"
"1924",4,929.728,7.06,0,27,1,161,480,"CFP","Airpore Medium 1"
"1925",5,929.728,6.05,0,39,1,161,480,"CFP","Airpore Medium 2"
"1926",6,4123.441,8.448,0,46,1,161,480,"CFP","Background"
"1927",1,929.728,67.225,12,255,2,161,480,"RFP","Airpore Old 1"
"1928",2,929.728,69.493,7,255,2,161,480,"RFP","Airpore Old 2"
"1929",3,929.728,42.697,3,255,2,161,480,"RFP","Airpore Old 3"
"1930",4,929.728,55.824,15,199,2,161,480,"RFP","Airpore Medium 1"
"1931",5,929.728,58.709,12,174,2,161,480,"RFP","Airpore Medium 2"
"1932",6,4123.441,79.952,7,255,2,161,480,"RFP","Background"
"1933",1,929.728,6.255,0,31,1,162,483,"CFP","Airpore Old 1"
"1934",2,929.728,7.107,0,36,1,162,483,"CFP","Airpore Old 2"
"1935",3,929.728,4.438,0,23,1,162,483,"CFP","Airpore Old 3"
"1936",4,929.728,7.178,0,37,1,162,483,"CFP","Airpore Medium 1"
"1937",5,929.728,6.015,0,27,1,162,483,"CFP","Airpore Medium 2"
"1938",6,4123.441,8.578,0,50,1,162,483,"CFP","Background"
"1939",1,929.728,66.794,11,210,2,162,483,"RFP","Airpore Old 1"
"1940",2,929.728,69.195,11,255,2,162,483,"RFP","Airpore Old 2"
"1941",3,929.728,42.621,3,255,2,162,483,"RFP","Airpore Old 3"
"1942",4,929.728,56.056,19,143,2,162,483,"RFP","Airpore Medium 1"
"1943",5,929.728,58.667,7,167,2,162,483,"RFP","Airpore Medium 2"
"1944",6,4123.441,79.533,7,255,2,162,483,"RFP","Background"
"1945",1,929.728,6.784,0,38,1,163,486,"CFP","Airpore Old 1"
"1946",2,929.728,6.947,0,35,1,163,486,"CFP","Airpore Old 2"
"1947",3,929.728,4.296,0,27,1,163,486,"CFP","Airpore Old 3"
"1948",4,929.728,7.072,0,42,1,163,486,"CFP","Airpore Medium 1"
"1949",5,929.728,6.132,0,33,1,163,486,"CFP","Airpore Medium 2"
"1950",6,4123.441,8.715,0,84,1,163,486,"CFP","Background"
"1951",1,929.728,66.861,12,248,2,163,486,"RFP","Airpore Old 1"
"1952",2,929.728,69.374,11,255,2,163,486,"RFP","Airpore Old 2"
"1953",3,929.728,43.07,3,255,2,163,486,"RFP","Airpore Old 3"
"1954",4,929.728,55.297,15,165,2,163,486,"RFP","Airpore Medium 1"
"1955",5,929.728,58.232,7,181,2,163,486,"RFP","Airpore Medium 2"
"1956",6,4123.441,79.929,7,255,2,163,486,"RFP","Background"
"1957",1,929.728,7.907,0,58,1,164,489,"CFP","Airpore Old 1"
"1958",2,929.728,7.035,0,31,1,164,489,"CFP","Airpore Old 2"
"1959",3,929.728,4.562,0,23,1,164,489,"CFP","Airpore Old 3"
"1960",4,929.728,6.973,0,28,1,164,489,"CFP","Airpore Medium 1"
"1961",5,929.728,6.14,0,28,1,164,489,"CFP","Airpore Medium 2"
"1962",6,4123.441,9.453,0,50,1,164,489,"CFP","Background"
"1963",1,929.728,66.885,7,222,2,164,489,"RFP","Airpore Old 1"
"1964",2,929.728,69.121,7,255,2,164,489,"RFP","Airpore Old 2"
"1965",3,929.728,42.679,3,255,2,164,489,"RFP","Airpore Old 3"
"1966",4,929.728,54.693,12,162,2,164,489,"RFP","Airpore Medium 1"
"1967",5,929.728,58.423,12,155,2,164,489,"RFP","Airpore Medium 2"
"1968",6,4123.441,79.619,8,255,2,164,489,"RFP","Background"
"1969",1,929.728,9.737,0,71,1,165,492,"CFP","Airpore Old 1"
"1970",2,929.728,7.014,0,27,1,165,492,"CFP","Airpore Old 2"
"1971",3,929.728,4.311,0,31,1,165,492,"CFP","Airpore Old 3"
"1972",4,929.728,7.271,0,32,1,165,492,"CFP","Airpore Medium 1"
"1973",5,929.728,6.078,0,31,1,165,492,"CFP","Airpore Medium 2"
"1974",6,4123.441,10.558,0,63,1,165,492,"CFP","Background"
"1975",1,929.728,66.533,15,232,2,165,492,"RFP","Airpore Old 1"
"1976",2,929.728,68.657,12,255,2,165,492,"RFP","Airpore Old 2"
"1977",3,929.728,42.05,3,255,2,165,492,"RFP","Airpore Old 3"
"1978",4,929.728,55.549,15,186,2,165,492,"RFP","Airpore Medium 1"
"1979",5,929.728,58.551,15,158,2,165,492,"RFP","Airpore Medium 2"
"1980",6,4123.441,79.809,7,255,2,165,492,"RFP","Background"
"1981",1,929.728,11.879,0,65,1,166,495,"CFP","Airpore Old 1"
"1982",2,929.728,7.275,0,38,1,166,495,"CFP","Airpore Old 2"
"1983",3,929.728,4.291,0,23,1,166,495,"CFP","Airpore Old 3"
"1984",4,929.728,7.366,0,45,1,166,495,"CFP","Airpore Medium 1"
"1985",5,929.728,5.968,0,23,1,166,495,"CFP","Airpore Medium 2"
"1986",6,4123.441,11.524,0,74,1,166,495,"CFP","Background"
"1987",1,929.728,67.14,11,221,2,166,495,"RFP","Airpore Old 1"
"1988",2,929.728,68.884,15,255,2,166,495,"RFP","Airpore Old 2"
"1989",3,929.728,42.176,3,255,2,166,495,"RFP","Airpore Old 3"
"1990",4,929.728,54.811,7,174,2,166,495,"RFP","Airpore Medium 1"
"1991",5,929.728,58.687,15,155,2,166,495,"RFP","Airpore Medium 2"
"1992",6,4123.441,79.905,7,255,2,166,495,"RFP","Background"
"1993",1,929.728,13.355,0,62,1,167,498,"CFP","Airpore Old 1"
"1994",2,929.728,7.24,0,34,1,167,498,"CFP","Airpore Old 2"
"1995",3,929.728,4.245,0,23,1,167,498,"CFP","Airpore Old 3"
"1996",4,929.728,6.93,0,35,1,167,498,"CFP","Airpore Medium 1"
"1997",5,929.728,5.89,0,31,1,167,498,"CFP","Airpore Medium 2"
"1998",6,4123.441,12.093,0,94,1,167,498,"CFP","Background"
"1999",1,929.728,66.792,15,246,2,167,498,"RFP","Airpore Old 1"
"2000",2,929.728,69.438,11,255,2,167,498,"RFP","Airpore Old 2"
"2001",3,929.728,42.859,0,255,2,167,498,"RFP","Airpore Old 3"
"2002",4,929.728,55.282,15,202,2,167,498,"RFP","Airpore Medium 1"
"2003",5,929.728,58.699,8,143,2,167,498,"RFP","Airpore Medium 2"
"2004",6,4123.441,80.006,8,255,2,167,498,"RFP","Background"
"2005",1,929.728,13.527,0,55,1,168,501,"CFP","Airpore Old 1"
"2006",2,929.728,7.328,0,31,1,168,501,"CFP","Airpore Old 2"
"2007",3,929.728,4.515,0,27,1,168,501,"CFP","Airpore Old 3"
"2008",4,929.728,7.016,0,35,1,168,501,"CFP","Airpore Medium 1"
"2009",5,929.728,5.887,0,31,1,168,501,"CFP","Airpore Medium 2"
"2010",6,4123.441,11.863,0,75,1,168,501,"CFP","Background"
"2011",1,929.728,67.667,11,255,2,168,501,"RFP","Airpore Old 1"
"2012",2,929.728,69.631,11,255,2,168,501,"RFP","Airpore Old 2"
"2013",3,929.728,42.808,3,255,2,168,501,"RFP","Airpore Old 3"
"2014",4,929.728,56.49,11,170,2,168,501,"RFP","Airpore Medium 1"
"2015",5,929.728,59.166,15,192,2,168,501,"RFP","Airpore Medium 2"
"2016",6,4123.441,80.377,7,255,2,168,501,"RFP","Background"
"2017",1,929.728,12.706,0,51,1,169,504,"CFP","Airpore Old 1"
"2018",2,929.728,7.339,0,35,1,169,504,"CFP","Airpore Old 2"
"2019",3,929.728,4.437,0,27,1,169,504,"CFP","Airpore Old 3"
"2020",4,929.728,7.099,0,31,1,169,504,"CFP","Airpore Medium 1"
"2021",5,929.728,6.17,0,27,1,169,504,"CFP","Airpore Medium 2"
"2022",6,4123.441,11.171,0,66,1,169,504,"CFP","Background"
"2023",1,929.728,66.839,15,185,2,169,504,"RFP","Airpore Old 1"
"2024",2,929.728,70.341,11,255,2,169,504,"RFP","Airpore Old 2"
"2025",3,929.728,42.763,3,255,2,169,504,"RFP","Airpore Old 3"
"2026",4,929.728,55.452,11,176,2,169,504,"RFP","Airpore Medium 1"
"2027",5,929.728,58.826,15,150,2,169,504,"RFP","Airpore Medium 2"
"2028",6,4123.441,80.884,11,255,2,169,504,"RFP","Background"
"2029",1,929.728,11.996,0,46,1,170,507,"CFP","Airpore Old 1"
"2030",2,929.728,7.138,0,51,1,170,507,"CFP","Airpore Old 2"
"2031",3,929.728,4.364,0,27,1,170,507,"CFP","Airpore Old 3"
"2032",4,929.728,6.991,0,27,1,170,507,"CFP","Airpore Medium 1"
"2033",5,929.728,6.08,0,27,1,170,507,"CFP","Airpore Medium 2"
"2034",6,4123.441,10.158,0,78,1,170,507,"CFP","Background"
"2035",1,929.728,66.991,11,214,2,170,507,"RFP","Airpore Old 1"
"2036",2,929.728,70.677,15,255,2,170,507,"RFP","Airpore Old 2"
"2037",3,929.728,42.227,3,255,2,170,507,"RFP","Airpore Old 3"
"2038",4,929.728,55.81,11,184,2,170,507,"RFP","Airpore Medium 1"
"2039",5,929.728,58.785,15,165,2,170,507,"RFP","Airpore Medium 2"
"2040",6,4123.441,80.243,7,255,2,170,507,"RFP","Background"
"2041",1,929.728,10.667,0,50,1,171,510,"CFP","Airpore Old 1"
"2042",2,929.728,7.006,0,31,1,171,510,"CFP","Airpore Old 2"
"2043",3,929.728,4.379,0,27,1,171,510,"CFP","Airpore Old 3"
"2044",4,929.728,7.109,0,32,1,171,510,"CFP","Airpore Medium 1"
"2045",5,929.728,6.043,0,34,1,171,510,"CFP","Airpore Medium 2"
"2046",6,4123.441,9.732,0,86,1,171,510,"CFP","Background"
"2047",1,929.728,66.591,11,205,2,171,510,"RFP","Airpore Old 1"
"2048",2,929.728,70.575,7,255,2,171,510,"RFP","Airpore Old 2"
"2049",3,929.728,42.273,3,255,2,171,510,"RFP","Airpore Old 3"
"2050",4,929.728,57.036,15,211,2,171,510,"RFP","Airpore Medium 1"
"2051",5,929.728,58.905,8,161,2,171,510,"RFP","Airpore Medium 2"
"2052",6,4123.441,80.1,7,255,2,171,510,"RFP","Background"
"2053",1,929.728,9.348,0,43,1,172,513,"CFP","Airpore Old 1"
"2054",2,929.728,7.075,0,31,1,172,513,"CFP","Airpore Old 2"
"2055",3,929.728,4.284,0,31,1,172,513,"CFP","Airpore Old 3"
"2056",4,929.728,6.938,0,31,1,172,513,"CFP","Airpore Medium 1"
"2057",5,929.728,5.954,0,27,1,172,513,"CFP","Airpore Medium 2"
"2058",6,4123.441,9.11,0,58,1,172,513,"CFP","Background"
"2059",1,929.728,66.703,11,221,2,172,513,"RFP","Airpore Old 1"
"2060",2,929.728,69.896,15,255,2,172,513,"RFP","Airpore Old 2"
"2061",3,929.728,42.298,7,255,2,172,513,"RFP","Airpore Old 3"
"2062",4,929.728,56.04,15,200,2,172,513,"RFP","Airpore Medium 1"
"2063",5,929.728,58.808,11,145,2,172,513,"RFP","Airpore Medium 2"
"2064",6,4123.441,79.699,7,255,2,172,513,"RFP","Background"
"2065",1,929.728,8.34,0,39,1,173,516,"CFP","Airpore Old 1"
"2066",2,929.728,7.002,0,35,1,173,516,"CFP","Airpore Old 2"
"2067",3,929.728,4.404,0,47,1,173,516,"CFP","Airpore Old 3"
"2068",4,929.728,6.96,0,40,1,173,516,"CFP","Airpore Medium 1"
"2069",5,929.728,6.041,0,24,1,173,516,"CFP","Airpore Medium 2"
"2070",6,4123.441,8.884,0,58,1,173,516,"CFP","Background"
"2071",1,929.728,65.316,15,255,2,173,516,"RFP","Airpore Old 1"
"2072",2,929.728,70.21,15,255,2,173,516,"RFP","Airpore Old 2"
"2073",3,929.728,42.74,7,255,2,173,516,"RFP","Airpore Old 3"
"2074",4,929.728,55.977,11,156,2,173,516,"RFP","Airpore Medium 1"
"2075",5,929.728,59.707,12,179,2,173,516,"RFP","Airpore Medium 2"
"2076",6,4123.441,79.867,7,255,2,173,516,"RFP","Background"
"2077",1,929.728,8.101,0,43,1,174,519,"CFP","Airpore Old 1"
"2078",2,929.728,7.308,0,34,1,174,519,"CFP","Airpore Old 2"
"2079",3,929.728,4.483,0,27,1,174,519,"CFP","Airpore Old 3"
"2080",4,929.728,7.057,0,36,1,174,519,"CFP","Airpore Medium 1"
"2081",5,929.728,6.056,0,57,1,174,519,"CFP","Airpore Medium 2"
"2082",6,4123.441,8.682,0,49,1,174,519,"CFP","Background"
"2083",1,929.728,65.669,8,205,2,174,519,"RFP","Airpore Old 1"
"2084",2,929.728,70.582,12,255,2,174,519,"RFP","Airpore Old 2"
"2085",3,929.728,42.207,0,255,2,174,519,"RFP","Airpore Old 3"
"2086",4,929.728,55.438,15,188,2,174,519,"RFP","Airpore Medium 1"
"2087",5,929.728,59.808,12,167,2,174,519,"RFP","Airpore Medium 2"
"2088",6,4123.441,79.852,7,255,2,174,519,"RFP","Background"
"2089",1,929.728,7.415,0,40,1,175,522,"CFP","Airpore Old 1"
"2090",2,929.728,7.176,0,31,1,175,522,"CFP","Airpore Old 2"
"2091",3,929.728,4.508,0,32,1,175,522,"CFP","Airpore Old 3"
"2092",4,929.728,7.295,0,31,1,175,522,"CFP","Airpore Medium 1"
"2093",5,929.728,6.08,0,31,1,175,522,"CFP","Airpore Medium 2"
"2094",6,4123.441,8.54,0,64,1,175,522,"CFP","Background"
"2095",1,929.728,65.16,7,209,2,175,522,"RFP","Airpore Old 1"
"2096",2,929.728,70.664,7,255,2,175,522,"RFP","Airpore Old 2"
"2097",3,929.728,42.693,3,255,2,175,522,"RFP","Airpore Old 3"
"2098",4,929.728,56.041,19,178,2,175,522,"RFP","Airpore Medium 1"
"2099",5,929.728,59.786,11,149,2,175,522,"RFP","Airpore Medium 2"
"2100",6,4123.441,80.035,7,255,2,175,522,"RFP","Background"
"2101",1,929.728,6.916,0,32,1,176,525,"CFP","Airpore Old 1"
"2102",2,929.728,7.222,0,43,1,176,525,"CFP","Airpore Old 2"
"2103",3,929.728,4.135,0,23,1,176,525,"CFP","Airpore Old 3"
"2104",4,929.728,7.205,0,35,1,176,525,"CFP","Airpore Medium 1"
"2105",5,929.728,6.013,0,39,1,176,525,"CFP","Airpore Medium 2"
"2106",6,4123.441,8.424,0,47,1,176,525,"CFP","Background"
"2107",1,929.728,65.126,15,198,2,176,525,"RFP","Airpore Old 1"
"2108",2,929.728,70.525,11,255,2,176,525,"RFP","Airpore Old 2"
"2109",3,929.728,42.606,3,255,2,176,525,"RFP","Airpore Old 3"
"2110",4,929.728,55.887,15,173,2,176,525,"RFP","Airpore Medium 1"
"2111",5,929.728,59.176,15,162,2,176,525,"RFP","Airpore Medium 2"
"2112",6,4123.441,79.422,7,255,2,176,525,"RFP","Background"
"2113",1,929.728,6.326,0,51,1,177,528,"CFP","Airpore Old 1"
"2114",2,929.728,7.079,0,39,1,177,528,"CFP","Airpore Old 2"
"2115",3,929.728,4.287,0,27,1,177,528,"CFP","Airpore Old 3"
"2116",4,929.728,7.319,0,38,1,177,528,"CFP","Airpore Medium 1"
"2117",5,929.728,6.075,0,43,1,177,528,"CFP","Airpore Medium 2"
"2118",6,4123.441,8.364,0,65,1,177,528,"CFP","Background"
"2119",1,929.728,63.565,11,162,2,177,528,"RFP","Airpore Old 1"
"2120",2,929.728,70.513,11,255,2,177,528,"RFP","Airpore Old 2"
"2121",3,929.728,42.931,3,255,2,177,528,"RFP","Airpore Old 3"
"2122",4,929.728,56.525,12,214,2,177,528,"RFP","Airpore Medium 1"
"2123",5,929.728,59.653,8,166,2,177,528,"RFP","Airpore Medium 2"
"2124",6,4123.441,79.215,7,255,2,177,528,"RFP","Background"
"2125",1,929.728,6.412,0,32,1,178,531,"CFP","Airpore Old 1"
"2126",2,929.728,7.171,0,35,1,178,531,"CFP","Airpore Old 2"
"2127",3,929.728,4.264,0,27,1,178,531,"CFP","Airpore Old 3"
"2128",4,929.728,6.993,0,31,1,178,531,"CFP","Airpore Medium 1"
"2129",5,929.728,6.073,0,35,1,178,531,"CFP","Airpore Medium 2"
"2130",6,4123.441,8.337,0,43,1,178,531,"CFP","Background"
"2131",1,929.728,63.763,12,198,2,178,531,"RFP","Airpore Old 1"
"2132",2,929.728,70.999,11,255,2,178,531,"RFP","Airpore Old 2"
"2133",3,929.728,42.422,3,255,2,178,531,"RFP","Airpore Old 3"
"2134",4,929.728,56.088,15,182,2,178,531,"RFP","Airpore Medium 1"
"2135",5,929.728,58.843,15,160,2,178,531,"RFP","Airpore Medium 2"
"2136",6,4123.441,78.617,7,255,2,178,531,"RFP","Background"
"2137",1,929.728,6.307,0,31,1,179,534,"CFP","Airpore Old 1"
"2138",2,929.728,7.32,0,43,1,179,534,"CFP","Airpore Old 2"
"2139",3,929.728,4.397,0,31,1,179,534,"CFP","Airpore Old 3"
"2140",4,929.728,7.058,0,27,1,179,534,"CFP","Airpore Medium 1"
"2141",5,929.728,6.002,0,42,1,179,534,"CFP","Airpore Medium 2"
"2142",6,4123.441,8.301,0,43,1,179,534,"CFP","Background"
"2143",1,929.728,63.439,11,201,2,179,534,"RFP","Airpore Old 1"
"2144",2,929.728,70.612,11,255,2,179,534,"RFP","Airpore Old 2"
"2145",3,929.728,42.617,3,255,2,179,534,"RFP","Airpore Old 3"
"2146",4,929.728,55.367,15,197,2,179,534,"RFP","Airpore Medium 1"
"2147",5,929.728,59.177,11,190,2,179,534,"RFP","Airpore Medium 2"
"2148",6,4123.441,78.794,7,255,2,179,534,"RFP","Background"
"2149",1,929.728,6.151,0,39,1,180,537,"CFP","Airpore Old 1"
"2150",2,929.728,7.375,0,39,1,180,537,"CFP","Airpore Old 2"
"2151",3,929.728,4.34,0,27,1,180,537,"CFP","Airpore Old 3"
"2152",4,929.728,7.206,0,48,1,180,537,"CFP","Airpore Medium 1"
"2153",5,929.728,6.117,0,31,1,180,537,"CFP","Airpore Medium 2"
"2154",6,4123.441,8.35,0,50,1,180,537,"CFP","Background"
"2155",1,929.728,63.279,15,186,2,180,537,"RFP","Airpore Old 1"
"2156",2,929.728,70.383,15,255,2,180,537,"RFP","Airpore Old 2"
"2157",3,929.728,42.216,0,255,2,180,537,"RFP","Airpore Old 3"
"2158",4,929.728,56.477,8,191,2,180,537,"RFP","Airpore Medium 1"
"2159",5,929.728,59.73,16,180,2,180,537,"RFP","Airpore Medium 2"
"2160",6,4123.441,78.584,3,255,2,180,537,"RFP","Background"
"2161",1,929.728,6.214,0,40,1,181,540,"CFP","Airpore Old 1"
"2162",2,929.728,7.303,0,35,1,181,540,"CFP","Airpore Old 2"
"2163",3,929.728,4.538,0,27,1,181,540,"CFP","Airpore Old 3"
"2164",4,929.728,7.19,0,27,1,181,540,"CFP","Airpore Medium 1"
"2165",5,929.728,6.277,0,31,1,181,540,"CFP","Airpore Medium 2"
"2166",6,4123.441,8.294,0,59,1,181,540,"CFP","Background"
"2167",1,929.728,63.437,11,233,2,181,540,"RFP","Airpore Old 1"
"2168",2,929.728,70.818,7,255,2,181,540,"RFP","Airpore Old 2"
"2169",3,929.728,42.876,3,255,2,181,540,"RFP","Airpore Old 3"
"2170",4,929.728,55.302,11,179,2,181,540,"RFP","Airpore Medium 1"
"2171",5,929.728,59.289,15,167,2,181,540,"RFP","Airpore Medium 2"
"2172",6,4123.441,78.441,3,255,2,181,540,"RFP","Background"
"2173",1,929.728,5.747,0,31,1,182,543,"CFP","Airpore Old 1"
"2174",2,929.728,7.04,0,39,1,182,543,"CFP","Airpore Old 2"
"2175",3,929.728,4.412,0,27,1,182,543,"CFP","Airpore Old 3"
"2176",4,929.728,7.34,0,39,1,182,543,"CFP","Airpore Medium 1"
"2177",5,929.728,6.156,0,27,1,182,543,"CFP","Airpore Medium 2"
"2178",6,4123.441,8.313,0,51,1,182,543,"CFP","Background"
"2179",1,929.728,62.966,15,181,2,182,543,"RFP","Airpore Old 1"
"2180",2,929.728,70.62,11,255,2,182,543,"RFP","Airpore Old 2"
"2181",3,929.728,41.949,0,255,2,182,543,"RFP","Airpore Old 3"
"2182",4,929.728,56.287,16,183,2,182,543,"RFP","Airpore Medium 1"
"2183",5,929.728,59.471,15,162,2,182,543,"RFP","Airpore Medium 2"
"2184",6,4123.441,78.937,7,255,2,182,543,"RFP","Background"
"2185",1,929.728,5.928,0,33,1,183,546,"CFP","Airpore Old 1"
"2186",2,929.728,7.066,0,35,1,183,546,"CFP","Airpore Old 2"
"2187",3,929.728,4.407,0,24,1,183,546,"CFP","Airpore Old 3"
"2188",4,929.728,7.042,0,28,1,183,546,"CFP","Airpore Medium 1"
"2189",5,929.728,6.021,0,28,1,183,546,"CFP","Airpore Medium 2"
"2190",6,4123.441,8.327,0,56,1,183,546,"CFP","Background"
"2191",1,929.728,62.851,8,205,2,183,546,"RFP","Airpore Old 1"
"2192",2,929.728,71.471,12,255,2,183,546,"RFP","Airpore Old 2"
"2193",3,929.728,41.962,3,255,2,183,546,"RFP","Airpore Old 3"
"2194",4,929.728,56.682,15,219,2,183,546,"RFP","Airpore Medium 1"
"2195",5,929.728,60.088,12,166,2,183,546,"RFP","Airpore Medium 2"
"2196",6,4123.441,79.174,3,255,2,183,546,"RFP","Background"
"2197",1,929.728,5.938,0,31,1,184,549,"CFP","Airpore Old 1"
"2198",2,929.728,6.98,0,39,1,184,549,"CFP","Airpore Old 2"
"2199",3,929.728,4.439,0,27,1,184,549,"CFP","Airpore Old 3"
"2200",4,929.728,7.016,0,31,1,184,549,"CFP","Airpore Medium 1"
"2201",5,929.728,6.173,0,32,1,184,549,"CFP","Airpore Medium 2"
"2202",6,4123.441,8.218,0,54,1,184,549,"CFP","Background"
"2203",1,929.728,63.276,11,187,2,184,549,"RFP","Airpore Old 1"
"2204",2,929.728,71.232,15,255,2,184,549,"RFP","Airpore Old 2"
"2205",3,929.728,41.954,3,255,2,184,549,"RFP","Airpore Old 3"
"2206",4,929.728,56.268,15,181,2,184,549,"RFP","Airpore Medium 1"
"2207",5,929.728,60.14,11,170,2,184,549,"RFP","Airpore Medium 2"
"2208",6,4123.441,79.02,3,255,2,184,549,"RFP","Background"
"2209",1,929.728,5.853,0,31,1,185,552,"CFP","Airpore Old 1"
"2210",2,929.728,7.179,0,31,1,185,552,"CFP","Airpore Old 2"
"2211",3,929.728,4.619,0,31,1,185,552,"CFP","Airpore Old 3"
"2212",4,929.728,7.164,0,35,1,185,552,"CFP","Airpore Medium 1"
"2213",5,929.728,6.077,0,31,1,185,552,"CFP","Airpore Medium 2"
"2214",6,4123.441,8.279,0,43,1,185,552,"CFP","Background"
"2215",1,929.728,63.025,12,163,2,185,552,"RFP","Airpore Old 1"
"2216",2,929.728,71.742,11,255,2,185,552,"RFP","Airpore Old 2"
"2217",3,929.728,42.808,3,255,2,185,552,"RFP","Airpore Old 3"
"2218",4,929.728,57.145,15,192,2,185,552,"RFP","Airpore Medium 1"
"2219",5,929.728,60.57,11,149,2,185,552,"RFP","Airpore Medium 2"
"2220",6,4123.441,78.878,3,255,2,185,552,"RFP","Background"
"2221",1,929.728,5.714,0,43,1,186,555,"CFP","Airpore Old 1"
"2222",2,929.728,6.977,0,31,1,186,555,"CFP","Airpore Old 2"
"2223",3,929.728,4.459,0,24,1,186,555,"CFP","Airpore Old 3"
"2224",4,929.728,7.129,0,27,1,186,555,"CFP","Airpore Medium 1"
"2225",5,929.728,6.098,0,27,1,186,555,"CFP","Airpore Medium 2"
"2226",6,4123.441,8.167,0,56,1,186,555,"CFP","Background"
"2227",1,929.728,63.028,15,173,2,186,555,"RFP","Airpore Old 1"
"2228",2,929.728,72.033,11,255,2,186,555,"RFP","Airpore Old 2"
"2229",3,929.728,42.369,3,255,2,186,555,"RFP","Airpore Old 3"
"2230",4,929.728,56.061,15,200,2,186,555,"RFP","Airpore Medium 1"
"2231",5,929.728,59.051,15,181,2,186,555,"RFP","Airpore Medium 2"
"2232",6,4123.441,78.938,7,255,2,186,555,"RFP","Background"
"2233",1,929.728,5.907,0,32,1,187,558,"CFP","Airpore Old 1"
"2234",2,929.728,7.198,0,31,1,187,558,"CFP","Airpore Old 2"
"2235",3,929.728,4.278,0,24,1,187,558,"CFP","Airpore Old 3"
"2236",4,929.728,6.98,0,31,1,187,558,"CFP","Airpore Medium 1"
"2237",5,929.728,5.701,0,27,1,187,558,"CFP","Airpore Medium 2"
"2238",6,4123.441,7.968,0,46,1,187,558,"CFP","Background"
"2239",1,929.728,62.887,11,188,2,187,558,"RFP","Airpore Old 1"
"2240",2,929.728,72.646,11,255,2,187,558,"RFP","Airpore Old 2"
"2241",3,929.728,42.653,3,255,2,187,558,"RFP","Airpore Old 3"
"2242",4,929.728,56.098,15,152,2,187,558,"RFP","Airpore Medium 1"
"2243",5,929.728,59.79,15,158,2,187,558,"RFP","Airpore Medium 2"
"2244",6,4123.441,78.789,7,255,2,187,558,"RFP","Background"
"2245",1,929.728,5.863,0,31,1,188,561,"CFP","Airpore Old 1"
"2246",2,929.728,7.228,0,31,1,188,561,"CFP","Airpore Old 2"
"2247",3,929.728,4.25,0,27,1,188,561,"CFP","Airpore Old 3"
"2248",4,929.728,7.199,0,29,1,188,561,"CFP","Airpore Medium 1"
"2249",5,929.728,5.851,0,27,1,188,561,"CFP","Airpore Medium 2"
"2250",6,4123.441,8.096,0,45,1,188,561,"CFP","Background"
"2251",1,929.728,62.611,12,164,2,188,561,"RFP","Airpore Old 1"
"2252",2,929.728,72.861,7,255,2,188,561,"RFP","Airpore Old 2"
"2253",3,929.728,42.041,0,255,2,188,561,"RFP","Airpore Old 3"
"2254",4,929.728,56.723,15,194,2,188,561,"RFP","Airpore Medium 1"
"2255",5,929.728,59.65,8,143,2,188,561,"RFP","Airpore Medium 2"
"2256",6,4123.441,78.555,7,255,2,188,561,"RFP","Background"
"2257",1,929.728,5.545,0,35,1,189,564,"CFP","Airpore Old 1"
"2258",2,929.728,7.2,0,35,1,189,564,"CFP","Airpore Old 2"
"2259",3,929.728,4.352,0,27,1,189,564,"CFP","Airpore Old 3"
"2260",4,929.728,7.291,0,31,1,189,564,"CFP","Airpore Medium 1"
"2261",5,929.728,6.177,0,31,1,189,564,"CFP","Airpore Medium 2"
"2262",6,4123.441,8.125,0,43,1,189,564,"CFP","Background"
"2263",1,929.728,62.308,3,166,2,189,564,"RFP","Airpore Old 1"
"2264",2,929.728,72.587,11,255,2,189,564,"RFP","Airpore Old 2"
"2265",3,929.728,42.254,3,255,2,189,564,"RFP","Airpore Old 3"
"2266",4,929.728,56.741,15,196,2,189,564,"RFP","Airpore Medium 1"
"2267",5,929.728,60.681,15,163,2,189,564,"RFP","Airpore Medium 2"
"2268",6,4123.441,79.169,3,255,2,189,564,"RFP","Background"
"2269",1,929.728,5.768,0,27,1,190,567,"CFP","Airpore Old 1"
"2270",2,929.728,7.138,0,35,1,190,567,"CFP","Airpore Old 2"
"2271",3,929.728,4.39,0,35,1,190,567,"CFP","Airpore Old 3"
"2272",4,929.728,7.407,0,38,1,190,567,"CFP","Airpore Medium 1"
"2273",5,929.728,5.943,0,35,1,190,567,"CFP","Airpore Medium 2"
"2274",6,4123.441,7.992,0,48,1,190,567,"CFP","Background"
"2275",1,929.728,62.333,7,174,2,190,567,"RFP","Airpore Old 1"
"2276",2,929.728,72.293,7,255,2,190,567,"RFP","Airpore Old 2"
"2277",3,929.728,42.772,3,255,2,190,567,"RFP","Airpore Old 3"
"2278",4,929.728,56.414,11,183,2,190,567,"RFP","Airpore Medium 1"
"2279",5,929.728,60.093,11,171,2,190,567,"RFP","Airpore Medium 2"
"2280",6,4123.441,78.554,7,255,2,190,567,"RFP","Background"
"2281",1,929.728,5.857,0,35,1,191,570,"CFP","Airpore Old 1"
"2282",2,929.728,7.294,0,48,1,191,570,"CFP","Airpore Old 2"
"2283",3,929.728,4.376,0,27,1,191,570,"CFP","Airpore Old 3"
"2284",4,929.728,7.146,0,27,1,191,570,"CFP","Airpore Medium 1"
"2285",5,929.728,6.106,0,41,1,191,570,"CFP","Airpore Medium 2"
"2286",6,4123.441,8.028,0,49,1,191,570,"CFP","Background"
"2287",1,929.728,62.8,15,159,2,191,570,"RFP","Airpore Old 1"
"2288",2,929.728,72.619,11,255,2,191,570,"RFP","Airpore Old 2"
"2289",3,929.728,42.553,3,255,2,191,570,"RFP","Airpore Old 3"
"2290",4,929.728,56.402,11,181,2,191,570,"RFP","Airpore Medium 1"
"2291",5,929.728,60.874,12,167,2,191,570,"RFP","Airpore Medium 2"
"2292",6,4123.441,78.877,7,255,2,191,570,"RFP","Background"
"2293",1,929.728,5.833,0,31,1,192,573,"CFP","Airpore Old 1"
"2294",2,929.728,7.044,0,31,1,192,573,"CFP","Airpore Old 2"
"2295",3,929.728,4.153,0,27,1,192,573,"CFP","Airpore Old 3"
"2296",4,929.728,7.122,0,31,1,192,573,"CFP","Airpore Medium 1"
"2297",5,929.728,6.074,0,31,1,192,573,"CFP","Airpore Medium 2"
"2298",6,4123.441,8.147,0,62,1,192,573,"CFP","Background"
"2299",1,929.728,61.781,11,186,2,192,573,"RFP","Airpore Old 1"
"2300",2,929.728,72.392,12,255,2,192,573,"RFP","Airpore Old 2"
"2301",3,929.728,41.484,3,255,2,192,573,"RFP","Airpore Old 3"
"2302",4,929.728,56.977,15,207,2,192,573,"RFP","Airpore Medium 1"
"2303",5,929.728,60.999,11,199,2,192,573,"RFP","Airpore Medium 2"
"2304",6,4123.441,79.111,7,255,2,192,573,"RFP","Background"
"2305",1,929.728,5.693,0,35,1,193,576,"CFP","Airpore Old 1"
"2306",2,929.728,7.256,0,38,1,193,576,"CFP","Airpore Old 2"
"2307",3,929.728,4.344,0,23,1,193,576,"CFP","Airpore Old 3"
"2308",4,929.728,7.247,0,48,1,193,576,"CFP","Airpore Medium 1"
"2309",5,929.728,6.184,0,32,1,193,576,"CFP","Airpore Medium 2"
"2310",6,4123.441,8.307,0,47,1,193,576,"CFP","Background"
"2311",1,929.728,61.685,11,179,2,193,576,"RFP","Airpore Old 1"
"2312",2,929.728,72.124,15,255,2,193,576,"RFP","Airpore Old 2"
"2313",3,929.728,41.727,3,255,2,193,576,"RFP","Airpore Old 3"
"2314",4,929.728,56.806,11,195,2,193,576,"RFP","Airpore Medium 1"
"2315",5,929.728,59.904,15,158,2,193,576,"RFP","Airpore Medium 2"
"2316",6,4123.441,78.432,7,255,2,193,576,"RFP","Background"
"2317",1,929.728,5.93,0,41,1,194,579,"CFP","Airpore Old 1"
"2318",2,929.728,7.317,0,35,1,194,579,"CFP","Airpore Old 2"
"2319",3,929.728,4.295,0,23,1,194,579,"CFP","Airpore Old 3"
"2320",4,929.728,7.251,0,34,1,194,579,"CFP","Airpore Medium 1"
"2321",5,929.728,5.977,0,31,1,194,579,"CFP","Airpore Medium 2"
"2322",6,4123.441,8.243,0,46,1,194,579,"CFP","Background"
"2323",1,929.728,61.287,15,143,2,194,579,"RFP","Airpore Old 1"
"2324",2,929.728,72.58,7,255,2,194,579,"RFP","Airpore Old 2"
"2325",3,929.728,41.357,3,255,2,194,579,"RFP","Airpore Old 3"
"2326",4,929.728,55.684,19,182,2,194,579,"RFP","Airpore Medium 1"
"2327",5,929.728,59.48,12,166,2,194,579,"RFP","Airpore Medium 2"
"2328",6,4123.441,78.131,7,255,2,194,579,"RFP","Background"
"2329",1,929.728,5.691,0,31,1,195,582,"CFP","Airpore Old 1"
"2330",2,929.728,7.422,0,31,1,195,582,"CFP","Airpore Old 2"
"2331",3,929.728,4.336,0,23,1,195,582,"CFP","Airpore Old 3"
"2332",4,929.728,7.061,0,40,1,195,582,"CFP","Airpore Medium 1"
"2333",5,929.728,6.036,0,43,1,195,582,"CFP","Airpore Medium 2"
"2334",6,4123.441,8.18,0,65,1,195,582,"CFP","Background"
"2335",1,929.728,61.616,11,163,2,195,582,"RFP","Airpore Old 1"
"2336",2,929.728,72.399,11,255,2,195,582,"RFP","Airpore Old 2"
"2337",3,929.728,41.591,3,255,2,195,582,"RFP","Airpore Old 3"
"2338",4,929.728,56.503,7,191,2,195,582,"RFP","Airpore Medium 1"
"2339",5,929.728,60.311,11,160,2,195,582,"RFP","Airpore Medium 2"
"2340",6,4123.441,78.145,8,255,2,195,582,"RFP","Background"
"2341",1,929.728,5.506,0,35,1,196,585,"CFP","Airpore Old 1"
"2342",2,929.728,7.192,0,38,1,196,585,"CFP","Airpore Old 2"
"2343",3,929.728,4.234,0,23,1,196,585,"CFP","Airpore Old 3"
"2344",4,929.728,7.199,0,31,1,196,585,"CFP","Airpore Medium 1"
"2345",5,929.728,6.213,0,35,1,196,585,"CFP","Airpore Medium 2"
"2346",6,4123.441,8.291,0,54,1,196,585,"CFP","Background"
"2347",1,929.728,61.725,11,218,2,196,585,"RFP","Airpore Old 1"
"2348",2,929.728,72.115,11,255,2,196,585,"RFP","Airpore Old 2"
"2349",3,929.728,42.212,3,255,2,196,585,"RFP","Airpore Old 3"
"2350",4,929.728,56.333,15,220,2,196,585,"RFP","Airpore Medium 1"
"2351",5,929.728,60.174,15,191,2,196,585,"RFP","Airpore Medium 2"
"2352",6,4123.441,77.658,11,255,2,196,585,"RFP","Background"
"2353",1,929.728,5.86,0,31,1,197,588,"CFP","Airpore Old 1"
"2354",2,929.728,7.091,0,38,1,197,588,"CFP","Airpore Old 2"
"2355",3,929.728,4.313,0,24,1,197,588,"CFP","Airpore Old 3"
"2356",4,929.728,7.049,0,32,1,197,588,"CFP","Airpore Medium 1"
"2357",5,929.728,6.176,0,28,1,197,588,"CFP","Airpore Medium 2"
"2358",6,4123.441,7.955,0,43,1,197,588,"CFP","Background"
"2359",1,929.728,62.138,12,153,2,197,588,"RFP","Airpore Old 1"
"2360",2,929.728,72.879,15,255,2,197,588,"RFP","Airpore Old 2"
"2361",3,929.728,41.913,3,255,2,197,588,"RFP","Airpore Old 3"
"2362",4,929.728,57.65,15,176,2,197,588,"RFP","Airpore Medium 1"
"2363",5,929.728,60.907,11,161,2,197,588,"RFP","Airpore Medium 2"
"2364",6,4123.441,77.922,7,255,2,197,588,"RFP","Background"
"2365",1,929.728,5.572,0,27,1,198,591,"CFP","Airpore Old 1"
"2366",2,929.728,7.082,0,39,1,198,591,"CFP","Airpore Old 2"
"2367",3,929.728,4.28,0,23,1,198,591,"CFP","Airpore Old 3"
"2368",4,929.728,7.189,0,31,1,198,591,"CFP","Airpore Medium 1"
"2369",5,929.728,6.069,0,27,1,198,591,"CFP","Airpore Medium 2"
"2370",6,4123.441,8.153,0,54,1,198,591,"CFP","Background"
"2371",1,929.728,61.502,8,168,2,198,591,"RFP","Airpore Old 1"
"2372",2,929.728,73.645,11,255,2,198,591,"RFP","Airpore Old 2"
"2373",3,929.728,41.418,3,255,2,198,591,"RFP","Airpore Old 3"
"2374",4,929.728,56.562,11,190,2,198,591,"RFP","Airpore Medium 1"
"2375",5,929.728,60.535,15,171,2,198,591,"RFP","Airpore Medium 2"
"2376",6,4123.441,78.469,3,255,2,198,591,"RFP","Background"
"2377",1,929.728,5.708,0,31,1,199,594,"CFP","Airpore Old 1"
"2378",2,929.728,7.268,0,50,1,199,594,"CFP","Airpore Old 2"
"2379",3,929.728,4.409,0,30,1,199,594,"CFP","Airpore Old 3"
"2380",4,929.728,7.396,0,31,1,199,594,"CFP","Airpore Medium 1"
"2381",5,929.728,6.156,0,31,1,199,594,"CFP","Airpore Medium 2"
"2382",6,4123.441,8.216,0,46,1,199,594,"CFP","Background"
"2383",1,929.728,60.883,11,154,2,199,594,"RFP","Airpore Old 1"
"2384",2,929.728,73.745,15,255,2,199,594,"RFP","Airpore Old 2"
"2385",3,929.728,42.034,3,255,2,199,594,"RFP","Airpore Old 3"
"2386",4,929.728,57.353,12,232,2,199,594,"RFP","Airpore Medium 1"
"2387",5,929.728,61.316,15,167,2,199,594,"RFP","Airpore Medium 2"
"2388",6,4123.441,78.351,7,255,2,199,594,"RFP","Background"
"2389",1,929.728,5.612,0,28,1,200,597,"CFP","Airpore Old 1"
"2390",2,929.728,7.176,0,35,1,200,597,"CFP","Airpore Old 2"
"2391",3,929.728,4.32,0,23,1,200,597,"CFP","Airpore Old 3"
"2392",4,929.728,7.229,0,31,1,200,597,"CFP","Airpore Medium 1"
"2393",5,929.728,6.247,0,32,1,200,597,"CFP","Airpore Medium 2"
"2394",6,4123.441,8.491,0,50,1,200,597,"CFP","Background"
"2395",1,929.728,62.025,11,178,2,200,597,"RFP","Airpore Old 1"
"2396",2,929.728,72.91,11,255,2,200,597,"RFP","Airpore Old 2"
"2397",3,929.728,42.025,3,255,2,200,597,"RFP","Airpore Old 3"
"2398",4,929.728,57.559,11,227,2,200,597,"RFP","Airpore Medium 1"
"2399",5,929.728,60.642,12,187,2,200,597,"RFP","Airpore Medium 2"
"2400",6,4123.441,78.804,7,255,2,200,597,"RFP","Background"
"2401",1,929.728,5.55,0,27,1,201,600,"CFP","Airpore Old 1"
"2402",2,929.728,7.093,0,33,1,201,600,"CFP","Airpore Old 2"
"2403",3,929.728,4.398,0,31,1,201,600,"CFP","Airpore Old 3"
"2404",4,929.728,7.323,0,27,1,201,600,"CFP","Airpore Medium 1"
"2405",5,929.728,6.178,0,27,1,201,600,"CFP","Airpore Medium 2"
"2406",6,4123.441,8.562,0,60,1,201,600,"CFP","Background"
"2407",1,929.728,62.108,11,162,2,201,600,"RFP","Airpore Old 1"
"2408",2,929.728,73.488,12,255,2,201,600,"RFP","Airpore Old 2"
"2409",3,929.728,41.075,3,255,2,201,600,"RFP","Airpore Old 3"
"2410",4,929.728,57.044,7,255,2,201,600,"RFP","Airpore Medium 1"
"2411",5,929.728,61.056,12,175,2,201,600,"RFP","Airpore Medium 2"
"2412",6,4123.441,78.379,0,255,2,201,600,"RFP","Background"
"2413",1,929.728,5.569,0,31,1,202,603,"CFP","Airpore Old 1"
"2414",2,929.728,7.183,0,39,1,202,603,"CFP","Airpore Old 2"
"2415",3,929.728,4.216,0,27,1,202,603,"CFP","Airpore Old 3"
"2416",4,929.728,7.298,0,35,1,202,603,"CFP","Airpore Medium 1"
"2417",5,929.728,5.946,0,27,1,202,603,"CFP","Airpore Medium 2"
"2418",6,4123.441,8.325,0,46,1,202,603,"CFP","Background"
"2419",1,929.728,62.572,11,163,2,202,603,"RFP","Airpore Old 1"
"2420",2,929.728,74.033,7,255,2,202,603,"RFP","Airpore Old 2"
"2421",3,929.728,42.261,3,255,2,202,603,"RFP","Airpore Old 3"
"2422",4,929.728,57.676,15,217,2,202,603,"RFP","Airpore Medium 1"
"2423",5,929.728,61.676,15,190,2,202,603,"RFP","Airpore Medium 2"
"2424",6,4123.441,77.997,7,255,2,202,603,"RFP","Background"
"2425",1,929.728,5.74,0,31,1,203,606,"CFP","Airpore Old 1"
"2426",2,929.728,7.303,0,36,1,203,606,"CFP","Airpore Old 2"
"2427",3,929.728,4.271,0,24,1,203,606,"CFP","Airpore Old 3"
"2428",4,929.728,7.381,0,35,1,203,606,"CFP","Airpore Medium 1"
"2429",5,929.728,6.076,0,32,1,203,606,"CFP","Airpore Medium 2"
"2430",6,4123.441,8.546,0,47,1,203,606,"CFP","Background"
"2431",1,929.728,61.428,15,167,2,203,606,"RFP","Airpore Old 1"
"2432",2,929.728,72.948,11,255,2,203,606,"RFP","Airpore Old 2"
"2433",3,929.728,41.355,3,255,2,203,606,"RFP","Airpore Old 3"
"2434",4,929.728,57.418,15,193,2,203,606,"RFP","Airpore Medium 1"
"2435",5,929.728,61.714,11,188,2,203,606,"RFP","Airpore Medium 2"
"2436",6,4123.441,78.209,7,255,2,203,606,"RFP","Background"
"2437",1,929.728,5.519,0,31,1,204,609,"CFP","Airpore Old 1"
"2438",2,929.728,7.074,0,36,1,204,609,"CFP","Airpore Old 2"
"2439",3,929.728,4.383,0,23,1,204,609,"CFP","Airpore Old 3"
"2440",4,929.728,7.02,0,32,1,204,609,"CFP","Airpore Medium 1"
"2441",5,929.728,6.024,0,36,1,204,609,"CFP","Airpore Medium 2"
"2442",6,4123.441,8.185,0,51,1,204,609,"CFP","Background"
"2443",1,929.728,60.992,8,162,2,204,609,"RFP","Airpore Old 1"
"2444",2,929.728,73.611,11,255,2,204,609,"RFP","Airpore Old 2"
"2445",3,929.728,41.605,3,255,2,204,609,"RFP","Airpore Old 3"
"2446",4,929.728,56.08,15,213,2,204,609,"RFP","Airpore Medium 1"
"2447",5,929.728,61.269,11,203,2,204,609,"RFP","Airpore Medium 2"
"2448",6,4123.441,77.743,7,255,2,204,609,"RFP","Background"
"2449",1,929.728,5.578,0,23,1,205,612,"CFP","Airpore Old 1"
"2450",2,929.728,7.186,0,35,1,205,612,"CFP","Airpore Old 2"
"2451",3,929.728,4.448,0,27,1,205,612,"CFP","Airpore Old 3"
"2452",4,929.728,7.125,0,31,1,205,612,"CFP","Airpore Medium 1"
"2453",5,929.728,6.065,0,27,1,205,612,"CFP","Airpore Medium 2"
"2454",6,4123.441,8.284,0,43,1,205,612,"CFP","Background"
"2455",1,929.728,59.861,11,151,2,205,612,"RFP","Airpore Old 1"
"2456",2,929.728,73.611,12,255,2,205,612,"RFP","Airpore Old 2"
"2457",3,929.728,41.389,3,255,2,205,612,"RFP","Airpore Old 3"
"2458",4,929.728,57.304,12,200,2,205,612,"RFP","Airpore Medium 1"
"2459",5,929.728,60.948,15,175,2,205,612,"RFP","Airpore Medium 2"
"2460",6,4123.441,78.086,7,255,2,205,612,"RFP","Background"
"2461",1,929.728,5.399,0,35,1,206,615,"CFP","Airpore Old 1"
"2462",2,929.728,7.205,0,39,1,206,615,"CFP","Airpore Old 2"
"2463",3,929.728,4.16,0,27,1,206,615,"CFP","Airpore Old 3"
"2464",4,929.728,6.994,0,35,1,206,615,"CFP","Airpore Medium 1"
"2465",5,929.728,6.051,0,31,1,206,615,"CFP","Airpore Medium 2"
"2466",6,4123.441,8.324,0,48,1,206,615,"CFP","Background"
"2467",1,929.728,60.823,8,162,2,206,615,"RFP","Airpore Old 1"
"2468",2,929.728,73.103,11,255,2,206,615,"RFP","Airpore Old 2"
"2469",3,929.728,41.258,3,255,2,206,615,"RFP","Airpore Old 3"
"2470",4,929.728,57.729,15,194,2,206,615,"RFP","Airpore Medium 1"
"2471",5,929.728,60.625,11,161,2,206,615,"RFP","Airpore Medium 2"
"2472",6,4123.441,77.906,3,255,2,206,615,"RFP","Background"
"2473",1,929.728,5.561,0,31,1,207,618,"CFP","Airpore Old 1"
"2474",2,929.728,7.43,0,38,1,207,618,"CFP","Airpore Old 2"
"2475",3,929.728,4.239,0,27,1,207,618,"CFP","Airpore Old 3"
"2476",4,929.728,7.035,0,31,1,207,618,"CFP","Airpore Medium 1"
"2477",5,929.728,6.128,0,27,1,207,618,"CFP","Airpore Medium 2"
"2478",6,4123.441,8.19,0,42,1,207,618,"CFP","Background"
"2479",1,929.728,60.218,8,163,2,207,618,"RFP","Airpore Old 1"
"2480",2,929.728,73.689,7,255,2,207,618,"RFP","Airpore Old 2"
"2481",3,929.728,40.774,3,255,2,207,618,"RFP","Airpore Old 3"
"2482",4,929.728,56.815,12,197,2,207,618,"RFP","Airpore Medium 1"
"2483",5,929.728,61.148,8,161,2,207,618,"RFP","Airpore Medium 2"
"2484",6,4123.441,78.208,3,255,2,207,618,"RFP","Background"
"2485",1,929.728,5.457,0,35,1,208,621,"CFP","Airpore Old 1"
"2486",2,929.728,7.033,0,35,1,208,621,"CFP","Airpore Old 2"
"2487",3,929.728,4.147,0,27,1,208,621,"CFP","Airpore Old 3"
"2488",4,929.728,7.133,0,34,1,208,621,"CFP","Airpore Medium 1"
"2489",5,929.728,6.035,0,31,1,208,621,"CFP","Airpore Medium 2"
"2490",6,4123.441,8.168,0,47,1,208,621,"CFP","Background"
"2491",1,929.728,60.776,11,181,2,208,621,"RFP","Airpore Old 1"
"2492",2,929.728,73.834,7,255,2,208,621,"RFP","Airpore Old 2"
"2493",3,929.728,40.71,3,255,2,208,621,"RFP","Airpore Old 3"
"2494",4,929.728,56.956,7,228,2,208,621,"RFP","Airpore Medium 1"
"2495",5,929.728,60.46,15,167,2,208,621,"RFP","Airpore Medium 2"
"2496",6,4123.441,77.804,7,255,2,208,621,"RFP","Background"
"2497",1,929.728,5.675,0,31,1,209,624,"CFP","Airpore Old 1"
"2498",2,929.728,7.111,0,35,1,209,624,"CFP","Airpore Old 2"
"2499",3,929.728,4.309,0,23,1,209,624,"CFP","Airpore Old 3"
"2500",4,929.728,7.187,0,43,1,209,624,"CFP","Airpore Medium 1"
"2501",5,929.728,6.125,0,28,1,209,624,"CFP","Airpore Medium 2"
"2502",6,4123.441,8.164,0,43,1,209,624,"CFP","Background"
"2503",1,929.728,60.684,12,138,2,209,624,"RFP","Airpore Old 1"
"2504",2,929.728,73.386,11,255,2,209,624,"RFP","Airpore Old 2"
"2505",3,929.728,40.708,3,255,2,209,624,"RFP","Airpore Old 3"
"2506",4,929.728,57.069,15,210,2,209,624,"RFP","Airpore Medium 1"
"2507",5,929.728,61.087,15,158,2,209,624,"RFP","Airpore Medium 2"
"2508",6,4123.441,77.138,3,255,2,209,624,"RFP","Background"
"2509",1,929.728,5.567,0,27,1,210,627,"CFP","Airpore Old 1"
"2510",2,929.728,7.222,0,31,1,210,627,"CFP","Airpore Old 2"
"2511",3,929.728,4.269,0,41,1,210,627,"CFP","Airpore Old 3"
"2512",4,929.728,7.265,0,34,1,210,627,"CFP","Airpore Medium 1"
"2513",5,929.728,6.014,0,27,1,210,627,"CFP","Airpore Medium 2"
"2514",6,4123.441,8.099,0,60,1,210,627,"CFP","Background"
"2515",1,929.728,59.443,12,150,2,210,627,"RFP","Airpore Old 1"
"2516",2,929.728,73.224,12,255,2,210,627,"RFP","Airpore Old 2"
"2517",3,929.728,41.547,3,255,2,210,627,"RFP","Airpore Old 3"
"2518",4,929.728,56.982,11,230,2,210,627,"RFP","Airpore Medium 1"
"2519",5,929.728,60.724,15,182,2,210,627,"RFP","Airpore Medium 2"
"2520",6,4123.441,76.645,7,255,2,210,627,"RFP","Background"
"2521",1,929.728,5.534,0,27,1,211,630,"CFP","Airpore Old 1"
"2522",2,929.728,7.286,0,35,1,211,630,"CFP","Airpore Old 2"
"2523",3,929.728,4.391,0,24,1,211,630,"CFP","Airpore Old 3"
"2524",4,929.728,7.235,0,27,1,211,630,"CFP","Airpore Medium 1"
"2525",5,929.728,5.903,0,27,1,211,630,"CFP","Airpore Medium 2"
"2526",6,4123.441,8.135,0,43,1,211,630,"CFP","Background"
"2527",1,929.728,59.607,15,162,2,211,630,"RFP","Airpore Old 1"
"2528",2,929.728,74.111,11,255,2,211,630,"RFP","Airpore Old 2"
"2529",3,929.728,40.598,3,255,2,211,630,"RFP","Airpore Old 3"
"2530",4,929.728,56.71,15,249,2,211,630,"RFP","Airpore Medium 1"
"2531",5,929.728,60.143,11,227,2,211,630,"RFP","Airpore Medium 2"
"2532",6,4123.441,77.567,7,255,2,211,630,"RFP","Background"
"2533",1,929.728,5.629,0,35,1,212,633,"CFP","Airpore Old 1"
"2534",2,929.728,7.481,0,34,1,212,633,"CFP","Airpore Old 2"
"2535",3,929.728,4.38,0,23,1,212,633,"CFP","Airpore Old 3"
"2536",4,929.728,7.232,0,31,1,212,633,"CFP","Airpore Medium 1"
"2537",5,929.728,6.148,0,43,1,212,633,"CFP","Airpore Medium 2"
"2538",6,4123.441,8.065,0,43,1,212,633,"CFP","Background"
"2539",1,929.728,59.881,12,158,2,212,633,"RFP","Airpore Old 1"
"2540",2,929.728,74.52,15,255,2,212,633,"RFP","Airpore Old 2"
"2541",3,929.728,41.04,0,255,2,212,633,"RFP","Airpore Old 3"
"2542",4,929.728,57.075,11,186,2,212,633,"RFP","Airpore Medium 1"
"2543",5,929.728,61.771,11,205,2,212,633,"RFP","Airpore Medium 2"
"2544",6,4123.441,77.673,7,255,2,212,633,"RFP","Background"
"2545",1,929.728,5.741,0,27,1,213,636,"CFP","Airpore Old 1"
"2546",2,929.728,7.381,0,40,1,213,636,"CFP","Airpore Old 2"
"2547",3,929.728,4.187,0,24,1,213,636,"CFP","Airpore Old 3"
"2548",4,929.728,7.345,0,31,1,213,636,"CFP","Airpore Medium 1"
"2549",5,929.728,6.509,0,31,1,213,636,"CFP","Airpore Medium 2"
"2550",6,4123.441,8.115,0,43,1,213,636,"CFP","Background"
"2551",1,929.728,59.405,8,158,2,213,636,"RFP","Airpore Old 1"
"2552",2,929.728,75.957,15,255,2,213,636,"RFP","Airpore Old 2"
"2553",3,929.728,40.826,3,255,2,213,636,"RFP","Airpore Old 3"
"2554",4,929.728,56.967,15,215,2,213,636,"RFP","Airpore Medium 1"
"2555",5,929.728,61.772,15,154,2,213,636,"RFP","Airpore Medium 2"
"2556",6,4123.441,77.37,7,255,2,213,636,"RFP","Background"
"2557",1,929.728,5.588,0,27,1,214,639,"CFP","Airpore Old 1"
"2558",2,929.728,7.292,0,35,1,214,639,"CFP","Airpore Old 2"
"2559",3,929.728,4.281,0,23,1,214,639,"CFP","Airpore Old 3"
"2560",4,929.728,7.582,0,31,1,214,639,"CFP","Airpore Medium 1"
"2561",5,929.728,6.13,0,31,1,214,639,"CFP","Airpore Medium 2"
"2562",6,4123.441,7.977,0,43,1,214,639,"CFP","Background"
"2563",1,929.728,60.389,7,158,2,214,639,"RFP","Airpore Old 1"
"2564",2,929.728,74.392,15,255,2,214,639,"RFP","Airpore Old 2"
"2565",3,929.728,41.338,3,255,2,214,639,"RFP","Airpore Old 3"
"2566",4,929.728,57.545,15,229,2,214,639,"RFP","Airpore Medium 1"
"2567",5,929.728,61.308,11,190,2,214,639,"RFP","Airpore Medium 2"
"2568",6,4123.441,77.58,7,255,2,214,639,"RFP","Background"
"2569",1,929.728,5.556,0,27,1,215,642,"CFP","Airpore Old 1"
"2570",2,929.728,7.35,0,34,1,215,642,"CFP","Airpore Old 2"
"2571",3,929.728,4.321,0,24,1,215,642,"CFP","Airpore Old 3"
"2572",4,929.728,7.266,0,35,1,215,642,"CFP","Airpore Medium 1"
"2573",5,929.728,6.263,0,27,1,215,642,"CFP","Airpore Medium 2"
"2574",6,4123.441,8.035,0,43,1,215,642,"CFP","Background"
"2575",1,929.728,60.429,11,158,2,215,642,"RFP","Airpore Old 1"
"2576",2,929.728,74.079,15,255,2,215,642,"RFP","Airpore Old 2"
"2577",3,929.728,40.957,0,255,2,215,642,"RFP","Airpore Old 3"
"2578",4,929.728,57.925,11,237,2,215,642,"RFP","Airpore Medium 1"
"2579",5,929.728,61.134,12,178,2,215,642,"RFP","Airpore Medium 2"
"2580",6,4123.441,77.324,7,255,2,215,642,"RFP","Background"
"2581",1,929.728,5.585,0,25,1,216,645,"CFP","Airpore Old 1"
"2582",2,929.728,7.31,0,42,1,216,645,"CFP","Airpore Old 2"
"2583",3,929.728,4.265,0,27,1,216,645,"CFP","Airpore Old 3"
"2584",4,929.728,7.256,0,36,1,216,645,"CFP","Airpore Medium 1"
"2585",5,929.728,6.214,0,33,1,216,645,"CFP","Airpore Medium 2"
"2586",6,4123.441,8.078,0,40,1,216,645,"CFP","Background"
"2587",1,929.728,59.466,11,158,2,216,645,"RFP","Airpore Old 1"
"2588",2,929.728,74.281,11,255,2,216,645,"RFP","Airpore Old 2"
"2589",3,929.728,41.715,3,255,2,216,645,"RFP","Airpore Old 3"
"2590",4,929.728,57.254,12,255,2,216,645,"RFP","Airpore Medium 1"
"2591",5,929.728,61.776,11,193,2,216,645,"RFP","Airpore Medium 2"
"2592",6,4123.441,76.94,3,255,2,216,645,"RFP","Background"
"2593",1,929.728,5.553,0,32,1,217,648,"CFP","Airpore Old 1"
"2594",2,929.728,7.308,0,39,1,217,648,"CFP","Airpore Old 2"
"2595",3,929.728,4.303,0,24,1,217,648,"CFP","Airpore Old 3"
"2596",4,929.728,7.225,0,32,1,217,648,"CFP","Airpore Medium 1"
"2597",5,929.728,6.119,0,31,1,217,648,"CFP","Airpore Medium 2"
"2598",6,4123.441,7.998,0,50,1,217,648,"CFP","Background"
"2599",1,929.728,58.964,8,133,2,217,648,"RFP","Airpore Old 1"
"2600",2,929.728,74.857,12,255,2,217,648,"RFP","Airpore Old 2"
"2601",3,929.728,40.772,3,255,2,217,648,"RFP","Airpore Old 3"
"2602",4,929.728,57.566,15,208,2,217,648,"RFP","Airpore Medium 1"
"2603",5,929.728,61.922,15,174,2,217,648,"RFP","Airpore Medium 2"
"2604",6,4123.441,77.427,8,255,2,217,648,"RFP","Background"
"2605",1,929.728,5.421,0,27,1,218,651,"CFP","Airpore Old 1"
"2606",2,929.728,7.211,0,35,1,218,651,"CFP","Airpore Old 2"
"2607",3,929.728,4.332,0,27,1,218,651,"CFP","Airpore Old 3"
"2608",4,929.728,7.365,0,31,1,218,651,"CFP","Airpore Medium 1"
"2609",5,929.728,6.405,0,27,1,218,651,"CFP","Airpore Medium 2"
"2610",6,4123.441,8.026,0,43,1,218,651,"CFP","Background"
"2611",1,929.728,59.311,12,152,2,218,651,"RFP","Airpore Old 1"
"2612",2,929.728,74.698,8,255,2,218,651,"RFP","Airpore Old 2"
"2613",3,929.728,41.438,3,255,2,218,651,"RFP","Airpore Old 3"
"2614",4,929.728,57.438,15,217,2,218,651,"RFP","Airpore Medium 1"
"2615",5,929.728,62.672,11,152,2,218,651,"RFP","Airpore Medium 2"
"2616",6,4123.441,77.067,7,255,2,218,651,"RFP","Background"
"2617",1,929.728,5.672,0,31,1,219,654,"CFP","Airpore Old 1"
"2618",2,929.728,7.412,0,35,1,219,654,"CFP","Airpore Old 2"
"2619",3,929.728,4.232,0,23,1,219,654,"CFP","Airpore Old 3"
"2620",4,929.728,7.276,0,27,1,219,654,"CFP","Airpore Medium 1"
"2621",5,929.728,6.273,0,27,1,219,654,"CFP","Airpore Medium 2"
"2622",6,4123.441,7.972,0,62,1,219,654,"CFP","Background"
"2623",1,929.728,59.6,3,172,2,219,654,"RFP","Airpore Old 1"
"2624",2,929.728,75.172,12,255,2,219,654,"RFP","Airpore Old 2"
"2625",3,929.728,41.035,3,255,2,219,654,"RFP","Airpore Old 3"
"2626",4,929.728,57.636,15,238,2,219,654,"RFP","Airpore Medium 1"
"2627",5,929.728,62.242,11,191,2,219,654,"RFP","Airpore Medium 2"
"2628",6,4123.441,77.209,7,255,2,219,654,"RFP","Background"
"2629",1,929.728,5.57,0,27,1,220,657,"CFP","Airpore Old 1"
"2630",2,929.728,7.193,0,31,1,220,657,"CFP","Airpore Old 2"
"2631",3,929.728,4.294,0,23,1,220,657,"CFP","Airpore Old 3"
"2632",4,929.728,7.154,0,35,1,220,657,"CFP","Airpore Medium 1"
"2633",5,929.728,6.015,0,31,1,220,657,"CFP","Airpore Medium 2"
"2634",6,4123.441,8.002,0,43,1,220,657,"CFP","Background"
"2635",1,929.728,59.5,11,133,2,220,657,"RFP","Airpore Old 1"
"2636",2,929.728,74.551,15,255,2,220,657,"RFP","Airpore Old 2"
"2637",3,929.728,41.289,3,255,2,220,657,"RFP","Airpore Old 3"
"2638",4,929.728,57.981,15,208,2,220,657,"RFP","Airpore Medium 1"
"2639",5,929.728,61.732,11,168,2,220,657,"RFP","Airpore Medium 2"
"2640",6,4123.441,77.028,3,255,2,220,657,"RFP","Background"
"2641",1,929.728,5.537,0,31,1,221,660,"CFP","Airpore Old 1"
"2642",2,929.728,7.233,0,35,1,221,660,"CFP","Airpore Old 2"
"2643",3,929.728,4.339,0,24,1,221,660,"CFP","Airpore Old 3"
"2644",4,929.728,7.256,0,36,1,221,660,"CFP","Airpore Medium 1"
"2645",5,929.728,6.231,0,27,1,221,660,"CFP","Airpore Medium 2"
"2646",6,4123.441,7.749,0,43,1,221,660,"CFP","Background"
"2647",1,929.728,59.415,7,134,2,221,660,"RFP","Airpore Old 1"
"2648",2,929.728,75.078,11,255,2,221,660,"RFP","Airpore Old 2"
"2649",3,929.728,40.717,3,255,2,221,660,"RFP","Airpore Old 3"
"2650",4,929.728,58.005,12,245,2,221,660,"RFP","Airpore Medium 1"
"2651",5,929.728,61.991,11,205,2,221,660,"RFP","Airpore Medium 2"
"2652",6,4123.441,76.91,3,255,2,221,660,"RFP","Background"
"2653",1,929.728,5.413,0,24,1,222,663,"CFP","Airpore Old 1"
"2654",2,929.728,7.199,0,35,1,222,663,"CFP","Airpore Old 2"
"2655",3,929.728,4.266,0,35,1,222,663,"CFP","Airpore Old 3"
"2656",4,929.728,7.283,0,35,1,222,663,"CFP","Airpore Medium 1"
"2657",5,929.728,5.977,0,27,1,222,663,"CFP","Airpore Medium 2"
"2658",6,4123.441,7.889,0,47,1,222,663,"CFP","Background"
"2659",1,929.728,58.703,15,128,2,222,663,"RFP","Airpore Old 1"
"2660",2,929.728,74.877,11,255,2,222,663,"RFP","Airpore Old 2"
"2661",3,929.728,40.64,0,255,2,222,663,"RFP","Airpore Old 3"
"2662",4,929.728,57.274,16,232,2,222,663,"RFP","Airpore Medium 1"
"2663",5,929.728,62.057,8,213,2,222,663,"RFP","Airpore Medium 2"
"2664",6,4123.441,76.394,7,255,2,222,663,"RFP","Background"
"2665",1,929.728,5.585,0,38,1,223,666,"CFP","Airpore Old 1"
"2666",2,929.728,7.389,0,43,1,223,666,"CFP","Airpore Old 2"
"2667",3,929.728,4.115,0,27,1,223,666,"CFP","Airpore Old 3"
"2668",4,929.728,7.117,0,27,1,223,666,"CFP","Airpore Medium 1"
"2669",5,929.728,6.129,0,44,1,223,666,"CFP","Airpore Medium 2"
"2670",6,4123.441,7.918,0,42,1,223,666,"CFP","Background"
"2671",1,929.728,58.86,15,132,2,223,666,"RFP","Airpore Old 1"
"2672",2,929.728,75.424,15,255,2,223,666,"RFP","Airpore Old 2"
"2673",3,929.728,40.647,3,255,2,223,666,"RFP","Airpore Old 3"
"2674",4,929.728,57.175,15,248,2,223,666,"RFP","Airpore Medium 1"
"2675",5,929.728,61.211,15,180,2,223,666,"RFP","Airpore Medium 2"
"2676",6,4123.441,76.153,3,255,2,223,666,"RFP","Background"
"2677",1,929.728,5.436,0,31,1,224,669,"CFP","Airpore Old 1"
"2678",2,929.728,7.34,0,43,1,224,669,"CFP","Airpore Old 2"
"2679",3,929.728,4.374,0,27,1,224,669,"CFP","Airpore Old 3"
"2680",4,929.728,7.346,0,35,1,224,669,"CFP","Airpore Medium 1"
"2681",5,929.728,6.014,0,35,1,224,669,"CFP","Airpore Medium 2"
"2682",6,4123.441,7.993,0,40,1,224,669,"CFP","Background"
"2683",1,929.728,58.432,11,134,2,224,669,"RFP","Airpore Old 1"
"2684",2,929.728,75.295,11,255,2,224,669,"RFP","Airpore Old 2"
"2685",3,929.728,40.165,3,255,2,224,669,"RFP","Airpore Old 3"
"2686",4,929.728,57.001,15,254,2,224,669,"RFP","Airpore Medium 1"
"2687",5,929.728,62.135,15,178,2,224,669,"RFP","Airpore Medium 2"
"2688",6,4123.441,76.025,7,255,2,224,669,"RFP","Background"
"2689",1,929.728,5.643,0,41,1,225,672,"CFP","Airpore Old 1"
"2690",2,929.728,7.174,0,31,1,225,672,"CFP","Airpore Old 2"
"2691",3,929.728,4.303,0,27,1,225,672,"CFP","Airpore Old 3"
"2692",4,929.728,7.245,0,41,1,225,672,"CFP","Airpore Medium 1"
"2693",5,929.728,5.867,0,27,1,225,672,"CFP","Airpore Medium 2"
"2694",6,4123.441,7.884,0,44,1,225,672,"CFP","Background"
"2695",1,929.728,58.206,15,167,2,225,672,"RFP","Airpore Old 1"
"2696",2,929.728,75.113,12,255,2,225,672,"RFP","Airpore Old 2"
"2697",3,929.728,41.054,3,255,2,225,672,"RFP","Airpore Old 3"
"2698",4,929.728,57.436,12,255,2,225,672,"RFP","Airpore Medium 1"
"2699",5,929.728,62.239,7,193,2,225,672,"RFP","Airpore Medium 2"
"2700",6,4123.441,75.872,7,255,2,225,672,"RFP","Background"
"2701",1,929.728,5.407,0,27,1,226,675,"CFP","Airpore Old 1"
"2702",2,929.728,7.245,0,31,1,226,675,"CFP","Airpore Old 2"
"2703",3,929.728,4.195,0,27,1,226,675,"CFP","Airpore Old 3"
"2704",4,929.728,7.234,0,28,1,226,675,"CFP","Airpore Medium 1"
"2705",5,929.728,6.28,0,31,1,226,675,"CFP","Airpore Medium 2"
"2706",6,4123.441,7.958,0,55,1,226,675,"CFP","Background"
"2707",1,929.728,57.707,15,143,2,226,675,"RFP","Airpore Old 1"
"2708",2,929.728,75.792,7,255,2,226,675,"RFP","Airpore Old 2"
"2709",3,929.728,40.396,7,255,2,226,675,"RFP","Airpore Old 3"
"2710",4,929.728,58.026,15,241,2,226,675,"RFP","Airpore Medium 1"
"2711",5,929.728,61.764,12,186,2,226,675,"RFP","Airpore Medium 2"
"2712",6,4123.441,76.058,3,255,2,226,675,"RFP","Background"
"2713",1,929.728,5.377,0,35,1,227,678,"CFP","Airpore Old 1"
"2714",2,929.728,7.386,0,44,1,227,678,"CFP","Airpore Old 2"
"2715",3,929.728,4.302,0,21,1,227,678,"CFP","Airpore Old 3"
"2716",4,929.728,7.499,0,37,1,227,678,"CFP","Airpore Medium 1"
"2717",5,929.728,5.996,0,36,1,227,678,"CFP","Airpore Medium 2"
"2718",6,4123.441,7.728,0,51,1,227,678,"CFP","Background"
"2719",1,929.728,58.059,11,206,2,227,678,"RFP","Airpore Old 1"
"2720",2,929.728,75.479,12,255,2,227,678,"RFP","Airpore Old 2"
"2721",3,929.728,40.882,3,255,2,227,678,"RFP","Airpore Old 3"
"2722",4,929.728,58.281,15,255,2,227,678,"RFP","Airpore Medium 1"
"2723",5,929.728,62.019,15,198,2,227,678,"RFP","Airpore Medium 2"
"2724",6,4123.441,76.186,7,255,2,227,678,"RFP","Background"
"2725",1,929.728,5.267,0,27,1,228,681,"CFP","Airpore Old 1"
"2726",2,929.728,7.16,0,31,1,228,681,"CFP","Airpore Old 2"
"2727",3,929.728,4.182,0,27,1,228,681,"CFP","Airpore Old 3"
"2728",4,929.728,6.988,0,31,1,228,681,"CFP","Airpore Medium 1"
"2729",5,929.728,6.054,0,31,1,228,681,"CFP","Airpore Medium 2"
"2730",6,4123.441,7.884,0,43,1,228,681,"CFP","Background"
"2731",1,929.728,58.651,11,155,2,228,681,"RFP","Airpore Old 1"
"2732",2,929.728,76.293,12,255,2,228,681,"RFP","Airpore Old 2"
"2733",3,929.728,40.787,3,255,2,228,681,"RFP","Airpore Old 3"
"2734",4,929.728,58.6,12,250,2,228,681,"RFP","Airpore Medium 1"
"2735",5,929.728,62.357,12,191,2,228,681,"RFP","Airpore Medium 2"
"2736",6,4123.441,76.294,7,255,2,228,681,"RFP","Background"
"2737",1,929.728,5.234,0,27,1,229,684,"CFP","Airpore Old 1"
"2738",2,929.728,7.265,0,43,1,229,684,"CFP","Airpore Old 2"
"2739",3,929.728,4.286,0,27,1,229,684,"CFP","Airpore Old 3"
"2740",4,929.728,7.369,0,31,1,229,684,"CFP","Airpore Medium 1"
"2741",5,929.728,6.131,0,34,1,229,684,"CFP","Airpore Medium 2"
"2742",6,4123.441,7.896,0,43,1,229,684,"CFP","Background"
"2743",1,929.728,58.491,11,156,2,229,684,"RFP","Airpore Old 1"
"2744",2,929.728,75.811,11,255,2,229,684,"RFP","Airpore Old 2"
"2745",3,929.728,40.568,3,255,2,229,684,"RFP","Airpore Old 3"
"2746",4,929.728,58.596,15,255,2,229,684,"RFP","Airpore Medium 1"
"2747",5,929.728,62.975,16,215,2,229,684,"RFP","Airpore Medium 2"
"2748",6,4123.441,76.006,3,255,2,229,684,"RFP","Background"
"2749",1,929.728,5.37,0,27,1,230,687,"CFP","Airpore Old 1"
"2750",2,929.728,7.234,0,43,1,230,687,"CFP","Airpore Old 2"
"2751",3,929.728,4.301,0,31,1,230,687,"CFP","Airpore Old 3"
"2752",4,929.728,7.368,0,40,1,230,687,"CFP","Airpore Medium 1"
"2753",5,929.728,6.041,0,35,1,230,687,"CFP","Airpore Medium 2"
"2754",6,4123.441,7.834,0,55,1,230,687,"CFP","Background"
"2755",1,929.728,58.691,15,143,2,230,687,"RFP","Airpore Old 1"
"2756",2,929.728,76.061,7,255,2,230,687,"RFP","Airpore Old 2"
"2757",3,929.728,40.828,3,255,2,230,687,"RFP","Airpore Old 3"
"2758",4,929.728,58.443,19,255,2,230,687,"RFP","Airpore Medium 1"
"2759",5,929.728,62.357,11,160,2,230,687,"RFP","Airpore Medium 2"
"2760",6,4123.441,75.709,3,255,2,230,687,"RFP","Background"
"2761",1,929.728,5.559,0,38,1,231,690,"CFP","Airpore Old 1"
"2762",2,929.728,7.35,0,38,1,231,690,"CFP","Airpore Old 2"
"2763",3,929.728,4.231,0,23,1,231,690,"CFP","Airpore Old 3"
"2764",4,929.728,7.093,0,32,1,231,690,"CFP","Airpore Medium 1"
"2765",5,929.728,6.068,0,42,1,231,690,"CFP","Airpore Medium 2"
"2766",6,4123.441,7.778,0,42,1,231,690,"CFP","Background"
"2767",1,929.728,58.949,8,134,2,231,690,"RFP","Airpore Old 1"
"2768",2,929.728,75.724,11,248,2,231,690,"RFP","Airpore Old 2"
"2769",3,929.728,40.702,3,255,2,231,690,"RFP","Airpore Old 3"
"2770",4,929.728,58.436,15,230,2,231,690,"RFP","Airpore Medium 1"
"2771",5,929.728,62.282,15,177,2,231,690,"RFP","Airpore Medium 2"
"2772",6,4123.441,75.755,3,255,2,231,690,"RFP","Background"
"2773",1,929.728,5.498,0,40,1,232,693,"CFP","Airpore Old 1"
"2774",2,929.728,7.336,0,38,1,232,693,"CFP","Airpore Old 2"
"2775",3,929.728,4.211,0,40,1,232,693,"CFP","Airpore Old 3"
"2776",4,929.728,7.441,0,31,1,232,693,"CFP","Airpore Medium 1"
"2777",5,929.728,6.002,0,27,1,232,693,"CFP","Airpore Medium 2"
"2778",6,4123.441,7.786,0,47,1,232,693,"CFP","Background"
"2779",1,929.728,58.614,11,126,2,232,693,"RFP","Airpore Old 1"
"2780",2,929.728,75.783,8,255,2,232,693,"RFP","Airpore Old 2"
"2781",3,929.728,39.951,0,255,2,232,693,"RFP","Airpore Old 3"
"2782",4,929.728,58.315,15,255,2,232,693,"RFP","Airpore Medium 1"
"2783",5,929.728,62.68,12,182,2,232,693,"RFP","Airpore Medium 2"
"2784",6,4123.441,75.429,7,255,2,232,693,"RFP","Background"
"2785",1,929.728,5.279,0,27,1,233,696,"CFP","Airpore Old 1"
"2786",2,929.728,7.422,0,38,1,233,696,"CFP","Airpore Old 2"
"2787",3,929.728,4.195,0,27,1,233,696,"CFP","Airpore Old 3"
"2788",4,929.728,7.142,0,32,1,233,696,"CFP","Airpore Medium 1"
"2789",5,929.728,6.129,0,27,1,233,696,"CFP","Airpore Medium 2"
"2790",6,4123.441,7.692,0,47,1,233,696,"CFP","Background"
"2791",1,929.728,57.816,12,147,2,233,696,"RFP","Airpore Old 1"
"2792",2,929.728,76.087,7,255,2,233,696,"RFP","Airpore Old 2"
"2793",3,929.728,40.159,3,255,2,233,696,"RFP","Airpore Old 3"
"2794",4,929.728,58.433,19,241,2,233,696,"RFP","Airpore Medium 1"
"2795",5,929.728,62.862,15,182,2,233,696,"RFP","Airpore Medium 2"
"2796",6,4123.441,75.596,3,255,2,233,696,"RFP","Background"
"2797",1,929.728,5.197,0,27,1,234,699,"CFP","Airpore Old 1"
"2798",2,929.728,7.451,0,43,1,234,699,"CFP","Airpore Old 2"
"2799",3,929.728,4.133,0,27,1,234,699,"CFP","Airpore Old 3"
"2800",4,929.728,7.061,0,44,1,234,699,"CFP","Airpore Medium 1"
"2801",5,929.728,6.164,0,31,1,234,699,"CFP","Airpore Medium 2"
"2802",6,4123.441,7.835,0,36,1,234,699,"CFP","Background"
"2803",1,929.728,57.486,11,156,2,234,699,"RFP","Airpore Old 1"
"2804",2,929.728,76.758,12,255,2,234,699,"RFP","Airpore Old 2"
"2805",3,929.728,39.815,3,255,2,234,699,"RFP","Airpore Old 3"
"2806",4,929.728,59.068,15,239,2,234,699,"RFP","Airpore Medium 1"
"2807",5,929.728,63.688,11,178,2,234,699,"RFP","Airpore Medium 2"
"2808",6,4123.441,75.338,7,255,2,234,699,"RFP","Background"
"2809",1,929.728,5.077,0,32,1,235,702,"CFP","Airpore Old 1"
"2810",2,929.728,7.506,0,39,1,235,702,"CFP","Airpore Old 2"
"2811",3,929.728,4.238,0,23,1,235,702,"CFP","Airpore Old 3"
"2812",4,929.728,7.472,0,43,1,235,702,"CFP","Airpore Medium 1"
"2813",5,929.728,6.068,0,32,1,235,702,"CFP","Airpore Medium 2"
"2814",6,4123.441,7.731,0,43,1,235,702,"CFP","Background"
"2815",1,929.728,56.845,12,134,2,235,702,"RFP","Airpore Old 1"
"2816",2,929.728,76.994,8,255,2,235,702,"RFP","Airpore Old 2"
"2817",3,929.728,39.917,3,255,2,235,702,"RFP","Airpore Old 3"
"2818",4,929.728,59.501,11,226,2,235,702,"RFP","Airpore Medium 1"
"2819",5,929.728,63.269,12,230,2,235,702,"RFP","Airpore Medium 2"
"2820",6,4123.441,75.09,3,255,2,235,702,"RFP","Background"
"2821",1,929.728,5.217,0,27,1,236,705,"CFP","Airpore Old 1"
"2822",2,929.728,7.567,0,35,1,236,705,"CFP","Airpore Old 2"
"2823",3,929.728,4.263,0,32,1,236,705,"CFP","Airpore Old 3"
"2824",4,929.728,7.368,0,46,1,236,705,"CFP","Airpore Medium 1"
"2825",5,929.728,6.146,0,27,1,236,705,"CFP","Airpore Medium 2"
"2826",6,4123.441,7.648,0,51,1,236,705,"CFP","Background"
"2827",1,929.728,57.181,11,135,2,236,705,"RFP","Airpore Old 1"
"2828",2,929.728,77.09,12,242,2,236,705,"RFP","Airpore Old 2"
"2829",3,929.728,38.96,3,255,2,236,705,"RFP","Airpore Old 3"
"2830",4,929.728,59.818,15,255,2,236,705,"RFP","Airpore Medium 1"
"2831",5,929.728,63.065,11,233,2,236,705,"RFP","Airpore Medium 2"
"2832",6,4123.441,75,7,255,2,236,705,"RFP","Background"
"2833",1,929.728,4.967,0,54,1,237,708,"CFP","Airpore Old 1"
"2834",2,929.728,7.476,0,31,1,237,708,"CFP","Airpore Old 2"
"2835",3,929.728,4.088,0,23,1,237,708,"CFP","Airpore Old 3"
"2836",4,929.728,7.274,0,31,1,237,708,"CFP","Airpore Medium 1"
"2837",5,929.728,6.176,0,32,1,237,708,"CFP","Airpore Medium 2"
"2838",6,4123.441,7.638,0,39,1,237,708,"CFP","Background"
"2839",1,929.728,54.784,7,143,2,237,708,"RFP","Airpore Old 1"
"2840",2,929.728,77.412,8,255,2,237,708,"RFP","Airpore Old 2"
"2841",3,929.728,38.232,3,241,2,237,708,"RFP","Airpore Old 3"
"2842",4,929.728,60.118,15,255,2,237,708,"RFP","Airpore Medium 1"
"2843",5,929.728,62.978,11,255,2,237,708,"RFP","Airpore Medium 2"
"2844",6,4123.441,72.451,3,255,2,237,708,"RFP","Background"
"2845",1,929.728,4.988,0,27,1,238,711,"CFP","Airpore Old 1"
"2846",2,929.728,7.457,0,39,1,238,711,"CFP","Airpore Old 2"
"2847",3,929.728,4.212,0,27,1,238,711,"CFP","Airpore Old 3"
"2848",4,929.728,7.276,0,35,1,238,711,"CFP","Airpore Medium 1"
"2849",5,929.728,6.246,0,31,1,238,711,"CFP","Airpore Medium 2"
"2850",6,4123.441,7.508,0,40,1,238,711,"CFP","Background"
"2851",1,929.728,53.873,11,127,2,238,711,"RFP","Airpore Old 1"
"2852",2,929.728,78.631,11,255,2,238,711,"RFP","Airpore Old 2"
"2853",3,929.728,38.318,3,255,2,238,711,"RFP","Airpore Old 3"
"2854",4,929.728,59.561,15,255,2,238,711,"RFP","Airpore Medium 1"
"2855",5,929.728,63.02,7,237,2,238,711,"RFP","Airpore Medium 2"
"2856",6,4123.441,72.334,3,255,2,238,711,"RFP","Background"
"2857",1,929.728,5.056,0,31,1,239,714,"CFP","Airpore Old 1"
"2858",2,929.728,7.164,0,35,1,239,714,"CFP","Airpore Old 2"
"2859",3,929.728,4.119,0,30,1,239,714,"CFP","Airpore Old 3"
"2860",4,929.728,7.497,0,31,1,239,714,"CFP","Airpore Medium 1"
"2861",5,929.728,6.167,0,31,1,239,714,"CFP","Airpore Medium 2"
"2862",6,4123.441,7.46,0,70,1,239,714,"CFP","Background"
"2863",1,929.728,54.303,11,183,2,239,714,"RFP","Airpore Old 1"
"2864",2,929.728,77.582,3,255,2,239,714,"RFP","Airpore Old 2"
"2865",3,929.728,38.897,3,234,2,239,714,"RFP","Airpore Old 3"
"2866",4,929.728,60.117,19,255,2,239,714,"RFP","Airpore Medium 1"
"2867",5,929.728,63.713,11,219,2,239,714,"RFP","Airpore Medium 2"
"2868",6,4123.441,71.569,3,255,2,239,714,"RFP","Background"
"2869",1,929.728,5.107,0,23,1,240,717,"CFP","Airpore Old 1"
"2870",2,929.728,7.483,0,35,1,240,717,"CFP","Airpore Old 2"
"2871",3,929.728,4.109,0,31,1,240,717,"CFP","Airpore Old 3"
"2872",4,929.728,7.303,0,35,1,240,717,"CFP","Airpore Medium 1"
"2873",5,929.728,6.045,0,34,1,240,717,"CFP","Airpore Medium 2"
"2874",6,4123.441,7.411,0,51,1,240,717,"CFP","Background"
"2875",1,929.728,54.679,11,143,2,240,717,"RFP","Airpore Old 1"
"2876",2,929.728,78.555,11,255,2,240,717,"RFP","Airpore Old 2"
"2877",3,929.728,38.332,0,221,2,240,717,"RFP","Airpore Old 3"
"2878",4,929.728,60.311,15,255,2,240,717,"RFP","Airpore Medium 1"
"2879",5,929.728,63.192,19,255,2,240,717,"RFP","Airpore Medium 2"
"2880",6,4123.441,71.527,3,255,2,240,717,"RFP","Background"
"2881",1,929.728,5.015,0,27,1,241,720,"CFP","Airpore Old 1"
"2882",2,929.728,7.455,0,39,1,241,720,"CFP","Airpore Old 2"
"2883",3,929.728,4.117,0,24,1,241,720,"CFP","Airpore Old 3"
"2884",4,929.728,7.368,0,28,1,241,720,"CFP","Airpore Medium 1"
"2885",5,929.728,6.181,0,27,1,241,720,"CFP","Airpore Medium 2"
"2886",6,4123.441,7.384,0,54,1,241,720,"CFP","Background"
"2887",1,929.728,53.777,7,135,2,241,720,"RFP","Airpore Old 1"
"2888",2,929.728,79.076,12,249,2,241,720,"RFP","Airpore Old 2"
"2889",3,929.728,38.133,3,216,2,241,720,"RFP","Airpore Old 3"
"2890",4,929.728,61.174,15,255,2,241,720,"RFP","Airpore Medium 1"
"2891",5,929.728,64.264,7,255,2,241,720,"RFP","Airpore Medium 2"
"2892",6,4123.441,71.345,7,255,2,241,720,"RFP","Background"
"2893",1,929.728,5.044,0,27,1,242,723,"CFP","Airpore Old 1"
"2894",2,929.728,7.295,0,35,1,242,723,"CFP","Airpore Old 2"
"2895",3,929.728,4.104,0,31,1,242,723,"CFP","Airpore Old 3"
"2896",4,929.728,7.176,0,27,1,242,723,"CFP","Airpore Medium 1"
"2897",5,929.728,6.14,0,31,1,242,723,"CFP","Airpore Medium 2"
"2898",6,4123.441,7.427,0,43,1,242,723,"CFP","Background"
"2899",1,929.728,54.263,7,122,2,242,723,"RFP","Airpore Old 1"
"2900",2,929.728,79.462,11,235,2,242,723,"RFP","Airpore Old 2"
"2901",3,929.728,38.325,0,218,2,242,723,"RFP","Airpore Old 3"
"2902",4,929.728,60.985,15,255,2,242,723,"RFP","Airpore Medium 1"
"2903",5,929.728,64.226,8,255,2,242,723,"RFP","Airpore Medium 2"
"2904",6,4123.441,71.861,3,255,2,242,723,"RFP","Background"
"2905",1,929.728,4.896,0,27,1,243,726,"CFP","Airpore Old 1"
"2906",2,929.728,7.341,0,51,1,243,726,"CFP","Airpore Old 2"
"2907",3,929.728,4.077,0,24,1,243,726,"CFP","Airpore Old 3"
"2908",4,929.728,7.383,0,31,1,243,726,"CFP","Airpore Medium 1"
"2909",5,929.728,6.1,0,31,1,243,726,"CFP","Airpore Medium 2"
"2910",6,4123.441,7.374,0,50,1,243,726,"CFP","Background"
"2911",1,929.728,54.056,7,128,2,243,726,"RFP","Airpore Old 1"
"2912",2,929.728,78.648,15,255,2,243,726,"RFP","Airpore Old 2"
"2913",3,929.728,38.376,0,202,2,243,726,"RFP","Airpore Old 3"
"2914",4,929.728,60.991,15,255,2,243,726,"RFP","Airpore Medium 1"
"2915",5,929.728,64.831,15,228,2,243,726,"RFP","Airpore Medium 2"
"2916",6,4123.441,71.502,7,255,2,243,726,"RFP","Background"
"2917",1,929.728,4.95,0,27,1,244,729,"CFP","Airpore Old 1"
"2918",2,929.728,7.297,0,50,1,244,729,"CFP","Airpore Old 2"
"2919",3,929.728,3.91,0,27,1,244,729,"CFP","Airpore Old 3"
"2920",4,929.728,7.543,0,41,1,244,729,"CFP","Airpore Medium 1"
"2921",5,929.728,6.248,0,28,1,244,729,"CFP","Airpore Medium 2"
"2922",6,4123.441,7.43,0,39,1,244,729,"CFP","Background"
"2923",1,929.728,54.711,7,137,2,244,729,"RFP","Airpore Old 1"
"2924",2,929.728,79.012,7,255,2,244,729,"RFP","Airpore Old 2"
"2925",3,929.728,37.865,3,217,2,244,729,"RFP","Airpore Old 3"
"2926",4,929.728,61.5,19,255,2,244,729,"RFP","Airpore Medium 1"
"2927",5,929.728,64.314,11,228,2,244,729,"RFP","Airpore Medium 2"
"2928",6,4123.441,71.635,3,255,2,244,729,"RFP","Background"
"2929",1,929.728,4.902,0,31,1,245,732,"CFP","Airpore Old 1"
"2930",2,929.728,7.303,0,35,1,245,732,"CFP","Airpore Old 2"
"2931",3,929.728,3.965,0,23,1,245,732,"CFP","Airpore Old 3"
"2932",4,929.728,7.562,0,35,1,245,732,"CFP","Airpore Medium 1"
"2933",5,929.728,6.036,0,27,1,245,732,"CFP","Airpore Medium 2"
"2934",6,4123.441,7.377,0,43,1,245,732,"CFP","Background"
"2935",1,929.728,53.731,11,137,2,245,732,"RFP","Airpore Old 1"
"2936",2,929.728,79.634,11,255,2,245,732,"RFP","Airpore Old 2"
"2937",3,929.728,37.813,3,214,2,245,732,"RFP","Airpore Old 3"
"2938",4,929.728,61.014,15,255,2,245,732,"RFP","Airpore Medium 1"
"2939",5,929.728,64.259,15,189,2,245,732,"RFP","Airpore Medium 2"
"2940",6,4123.441,71.252,7,255,2,245,732,"RFP","Background"
"2941",1,929.728,5.059,0,31,1,246,735,"CFP","Airpore Old 1"
"2942",2,929.728,7.471,0,35,1,246,735,"CFP","Airpore Old 2"
"2943",3,929.728,4.227,0,27,1,246,735,"CFP","Airpore Old 3"
"2944",4,929.728,7.462,0,31,1,246,735,"CFP","Airpore Medium 1"
"2945",5,929.728,5.952,0,27,1,246,735,"CFP","Airpore Medium 2"
"2946",6,4123.441,7.418,0,43,1,246,735,"CFP","Background"
"2947",1,929.728,53.985,7,135,2,246,735,"RFP","Airpore Old 1"
"2948",2,929.728,79.805,7,255,2,246,735,"RFP","Airpore Old 2"
"2949",3,929.728,37.796,0,187,2,246,735,"RFP","Airpore Old 3"
"2950",4,929.728,62.077,15,255,2,246,735,"RFP","Airpore Medium 1"
"2951",5,929.728,65.099,15,255,2,246,735,"RFP","Airpore Medium 2"
"2952",6,4123.441,71.671,7,255,2,246,735,"RFP","Background"
"2953",1,929.728,4.888,0,24,1,247,738,"CFP","Airpore Old 1"
"2954",2,929.728,7.59,0,39,1,247,738,"CFP","Airpore Old 2"
"2955",3,929.728,4.101,0,27,1,247,738,"CFP","Airpore Old 3"
"2956",4,929.728,7.46,0,27,1,247,738,"CFP","Airpore Medium 1"
"2957",5,929.728,6.163,0,27,1,247,738,"CFP","Airpore Medium 2"
"2958",6,4123.441,7.421,0,53,1,247,738,"CFP","Background"
"2959",1,929.728,53.121,11,208,2,247,738,"RFP","Airpore Old 1"
"2960",2,929.728,80.275,11,255,2,247,738,"RFP","Airpore Old 2"
"2961",3,929.728,37.659,3,225,2,247,738,"RFP","Airpore Old 3"
"2962",4,929.728,61.468,15,255,2,247,738,"RFP","Airpore Medium 1"
"2963",5,929.728,63.898,7,249,2,247,738,"RFP","Airpore Medium 2"
"2964",6,4123.441,71.182,7,255,2,247,738,"RFP","Background"
"2965",1,929.728,4.844,0,27,1,248,741,"CFP","Airpore Old 1"
"2966",2,929.728,7.557,0,40,1,248,741,"CFP","Airpore Old 2"
"2967",3,929.728,4.036,0,24,1,248,741,"CFP","Airpore Old 3"
"2968",4,929.728,7.317,0,33,1,248,741,"CFP","Airpore Medium 1"
"2969",5,929.728,6.296,0,35,1,248,741,"CFP","Airpore Medium 2"
"2970",6,4123.441,7.321,0,49,1,248,741,"CFP","Background"
"2971",1,929.728,53.587,7,122,2,248,741,"RFP","Airpore Old 1"
"2972",2,929.728,79.634,15,255,2,248,741,"RFP","Airpore Old 2"
"2973",3,929.728,37.997,3,218,2,248,741,"RFP","Airpore Old 3"
"2974",4,929.728,61.779,15,255,2,248,741,"RFP","Airpore Medium 1"
"2975",5,929.728,66.179,15,255,2,248,741,"RFP","Airpore Medium 2"
"2976",6,4123.441,71.126,3,255,2,248,741,"RFP","Background"
"2977",1,929.728,4.892,0,24,1,249,744,"CFP","Airpore Old 1"
"2978",2,929.728,7.718,0,35,1,249,744,"CFP","Airpore Old 2"
"2979",3,929.728,4.036,0,27,1,249,744,"CFP","Airpore Old 3"
"2980",4,929.728,7.417,0,38,1,249,744,"CFP","Airpore Medium 1"
"2981",5,929.728,6.083,0,27,1,249,744,"CFP","Airpore Medium 2"
"2982",6,4123.441,7.414,0,39,1,249,744,"CFP","Background"
"2983",1,929.728,53.12,7,115,2,249,744,"RFP","Airpore Old 1"
"2984",2,929.728,80.561,15,255,2,249,744,"RFP","Airpore Old 2"
"2985",3,929.728,37.527,3,164,2,249,744,"RFP","Airpore Old 3"
"2986",4,929.728,60.764,15,255,2,249,744,"RFP","Airpore Medium 1"
"2987",5,929.728,64.459,15,215,2,249,744,"RFP","Airpore Medium 2"
"2988",6,4123.441,70.612,7,255,2,249,744,"RFP","Background"
"2989",1,929.728,4.707,0,27,1,250,747,"CFP","Airpore Old 1"
"2990",2,929.728,7.525,0,43,1,250,747,"CFP","Airpore Old 2"
"2991",3,929.728,4.157,0,27,1,250,747,"CFP","Airpore Old 3"
"2992",4,929.728,7.47,0,39,1,250,747,"CFP","Airpore Medium 1"
"2993",5,929.728,6.17,0,27,1,250,747,"CFP","Airpore Medium 2"
"2994",6,4123.441,7.406,0,54,1,250,747,"CFP","Background"
"2995",1,929.728,53.05,11,131,2,250,747,"RFP","Airpore Old 1"
"2996",2,929.728,80.258,11,255,2,250,747,"RFP","Airpore Old 2"
"2997",3,929.728,37.768,3,255,2,250,747,"RFP","Airpore Old 3"
"2998",4,929.728,61.59,15,255,2,250,747,"RFP","Airpore Medium 1"
"2999",5,929.728,64.872,11,239,2,250,747,"RFP","Airpore Medium 2"
"3000",6,4123.441,70.494,3,255,2,250,747,"RFP","Background"
"3001",1,929.728,4.884,0,34,1,251,750,"CFP","Airpore Old 1"
"3002",2,929.728,7.408,0,43,1,251,750,"CFP","Airpore Old 2"
"3003",3,929.728,4.297,0,20,1,251,750,"CFP","Airpore Old 3"
"3004",4,929.728,7.42,0,31,1,251,750,"CFP","Airpore Medium 1"
"3005",5,929.728,6.188,0,31,1,251,750,"CFP","Airpore Medium 2"
"3006",6,4123.441,7.337,0,43,1,251,750,"CFP","Background"
"3007",1,929.728,54.17,7,133,2,251,750,"RFP","Airpore Old 1"
"3008",2,929.728,79.601,11,255,2,251,750,"RFP","Airpore Old 2"
"3009",3,929.728,37.559,3,183,2,251,750,"RFP","Airpore Old 3"
"3010",4,929.728,60.896,15,255,2,251,750,"RFP","Airpore Medium 1"
"3011",5,929.728,64.25,15,242,2,251,750,"RFP","Airpore Medium 2"
"3012",6,4123.441,70.486,3,255,2,251,750,"RFP","Background"
"3013",1,929.728,5.026,0,42,1,252,753,"CFP","Airpore Old 1"
"3014",2,929.728,7.347,0,42,1,252,753,"CFP","Airpore Old 2"
"3015",3,929.728,4.157,0,31,1,252,753,"CFP","Airpore Old 3"
"3016",4,929.728,7.626,0,36,1,252,753,"CFP","Airpore Medium 1"
"3017",5,929.728,6.303,0,31,1,252,753,"CFP","Airpore Medium 2"
"3018",6,4123.441,7.316,0,47,1,252,753,"CFP","Background"
"3019",1,929.728,52.982,11,138,2,252,753,"RFP","Airpore Old 1"
"3020",2,929.728,79.741,8,255,2,252,753,"RFP","Airpore Old 2"
"3021",3,929.728,37.917,3,217,2,252,753,"RFP","Airpore Old 3"
"3022",4,929.728,61.166,15,255,2,252,753,"RFP","Airpore Medium 1"
"3023",5,929.728,63.886,15,234,2,252,753,"RFP","Airpore Medium 2"
"3024",6,4123.441,70.452,3,255,2,252,753,"RFP","Background"
"3025",1,929.728,4.951,0,24,1,253,756,"CFP","Airpore Old 1"
"3026",2,929.728,7.472,0,39,1,253,756,"CFP","Airpore Old 2"
"3027",3,929.728,3.977,0,24,1,253,756,"CFP","Airpore Old 3"
"3028",4,929.728,7.503,0,36,1,253,756,"CFP","Airpore Medium 1"
"3029",5,929.728,6.277,0,27,1,253,756,"CFP","Airpore Medium 2"
"3030",6,4123.441,7.274,0,36,1,253,756,"CFP","Background"
"3031",1,929.728,52.46,3,127,2,253,756,"RFP","Airpore Old 1"
"3032",2,929.728,79.899,12,255,2,253,756,"RFP","Airpore Old 2"
"3033",3,929.728,37.886,3,230,2,253,756,"RFP","Airpore Old 3"
"3034",4,929.728,60.963,15,255,2,253,756,"RFP","Airpore Medium 1"
"3035",5,929.728,65.064,15,255,2,253,756,"RFP","Airpore Medium 2"
"3036",6,4123.441,70.076,3,255,2,253,756,"RFP","Background"
"3037",1,929.728,4.899,0,36,1,254,759,"CFP","Airpore Old 1"
"3038",2,929.728,7.667,0,39,1,254,759,"CFP","Airpore Old 2"
"3039",3,929.728,4.206,0,36,1,254,759,"CFP","Airpore Old 3"
"3040",4,929.728,7.551,0,34,1,254,759,"CFP","Airpore Medium 1"
"3041",5,929.728,6.163,0,32,1,254,759,"CFP","Airpore Medium 2"
"3042",6,4123.441,7.312,0,46,1,254,759,"CFP","Background"
"3043",1,929.728,52.425,7,163,2,254,759,"RFP","Airpore Old 1"
"3044",2,929.728,79.368,11,255,2,254,759,"RFP","Airpore Old 2"
"3045",3,929.728,37.009,0,216,2,254,759,"RFP","Airpore Old 3"
"3046",4,929.728,61.178,19,255,2,254,759,"RFP","Airpore Medium 1"
"3047",5,929.728,64.037,11,255,2,254,759,"RFP","Airpore Medium 2"
"3048",6,4123.441,70.14,3,255,2,254,759,"RFP","Background"
"3049",1,929.728,4.766,0,27,1,255,762,"CFP","Airpore Old 1"
"3050",2,929.728,7.401,0,43,1,255,762,"CFP","Airpore Old 2"
"3051",3,929.728,4.088,0,23,1,255,762,"CFP","Airpore Old 3"
"3052",4,929.728,7.574,0,31,1,255,762,"CFP","Airpore Medium 1"
"3053",5,929.728,6.145,0,27,1,255,762,"CFP","Airpore Medium 2"
"3054",6,4123.441,7.354,0,47,1,255,762,"CFP","Background"
"3055",1,929.728,53.317,11,123,2,255,762,"RFP","Airpore Old 1"
"3056",2,929.728,79.762,11,255,2,255,762,"RFP","Airpore Old 2"
"3057",3,929.728,36.862,3,189,2,255,762,"RFP","Airpore Old 3"
"3058",4,929.728,61.48,15,255,2,255,762,"RFP","Airpore Medium 1"
"3059",5,929.728,64.801,15,255,2,255,762,"RFP","Airpore Medium 2"
"3060",6,4123.441,69.479,7,255,2,255,762,"RFP","Background"
"3061",1,929.728,4.795,0,31,1,256,765,"CFP","Airpore Old 1"
"3062",2,929.728,7.64,0,35,1,256,765,"CFP","Airpore Old 2"
"3063",3,929.728,3.973,0,24,1,256,765,"CFP","Airpore Old 3"
"3064",4,929.728,7.464,0,31,1,256,765,"CFP","Airpore Medium 1"
"3065",5,929.728,6.21,0,32,1,256,765,"CFP","Airpore Medium 2"
"3066",6,4123.441,7.448,0,40,1,256,765,"CFP","Background"
"3067",1,929.728,52.501,7,128,2,256,765,"RFP","Airpore Old 1"
"3068",2,929.728,81.129,11,255,2,256,765,"RFP","Airpore Old 2"
"3069",3,929.728,38.131,3,191,2,256,765,"RFP","Airpore Old 3"
"3070",4,929.728,61.393,12,255,2,256,765,"RFP","Airpore Medium 1"
"3071",5,929.728,64.229,12,233,2,256,765,"RFP","Airpore Medium 2"
"3072",6,4123.441,69.454,3,255,2,256,765,"RFP","Background"
"3073",1,929.728,4.896,0,24,1,257,768,"CFP","Airpore Old 1"
"3074",2,929.728,7.365,0,34,1,257,768,"CFP","Airpore Old 2"
"3075",3,929.728,4.22,0,23,1,257,768,"CFP","Airpore Old 3"
"3076",4,929.728,7.469,0,33,1,257,768,"CFP","Airpore Medium 1"
"3077",5,929.728,6.153,0,31,1,257,768,"CFP","Airpore Medium 2"
"3078",6,4123.441,7.303,0,43,1,257,768,"CFP","Background"
"3079",1,929.728,52.64,11,178,2,257,768,"RFP","Airpore Old 1"
"3080",2,929.728,80.34,8,255,2,257,768,"RFP","Airpore Old 2"
"3081",3,929.728,37.173,3,203,2,257,768,"RFP","Airpore Old 3"
"3082",4,929.728,61.817,15,255,2,257,768,"RFP","Airpore Medium 1"
"3083",5,929.728,65.145,7,243,2,257,768,"RFP","Airpore Medium 2"
"3084",6,4123.441,69.672,3,255,2,257,768,"RFP","Background"
"3085",1,929.728,4.797,0,27,1,258,771,"CFP","Airpore Old 1"
"3086",2,929.728,7.412,0,43,1,258,771,"CFP","Airpore Old 2"
"3087",3,929.728,4.201,0,41,1,258,771,"CFP","Airpore Old 3"
"3088",4,929.728,7.427,0,27,1,258,771,"CFP","Airpore Medium 1"
"3089",5,929.728,6.122,0,35,1,258,771,"CFP","Airpore Medium 2"
"3090",6,4123.441,7.199,0,40,1,258,771,"CFP","Background"
"3091",1,929.728,52.751,8,124,2,258,771,"RFP","Airpore Old 1"
"3092",2,929.728,80.531,8,255,2,258,771,"RFP","Airpore Old 2"
"3093",3,929.728,37.472,0,207,2,258,771,"RFP","Airpore Old 3"
"3094",4,929.728,62.263,15,255,2,258,771,"RFP","Airpore Medium 1"
"3095",5,929.728,63.954,11,255,2,258,771,"RFP","Airpore Medium 2"
"3096",6,4123.441,69.979,7,255,2,258,771,"RFP","Background"
"3097",1,929.728,5.001,0,31,1,259,774,"CFP","Airpore Old 1"
"3098",2,929.728,7.511,0,43,1,259,774,"CFP","Airpore Old 2"
"3099",3,929.728,3.972,0,24,1,259,774,"CFP","Airpore Old 3"
"3100",4,929.728,7.831,0,31,1,259,774,"CFP","Airpore Medium 1"
"3101",5,929.728,6.164,0,35,1,259,774,"CFP","Airpore Medium 2"
"3102",6,4123.441,7.14,0,43,1,259,774,"CFP","Background"
"3103",1,929.728,53.24,3,127,2,259,774,"RFP","Airpore Old 1"
"3104",2,929.728,80.359,15,255,2,259,774,"RFP","Airpore Old 2"
"3105",3,929.728,37.489,3,205,2,259,774,"RFP","Airpore Old 3"
"3106",4,929.728,62.358,11,255,2,259,774,"RFP","Airpore Medium 1"
"3107",5,929.728,64.628,19,255,2,259,774,"RFP","Airpore Medium 2"
"3108",6,4123.441,69.608,7,255,2,259,774,"RFP","Background"
"3109",1,929.728,4.794,0,31,1,260,777,"CFP","Airpore Old 1"
"3110",2,929.728,7.369,0,38,1,260,777,"CFP","Airpore Old 2"
"3111",3,929.728,3.96,0,27,1,260,777,"CFP","Airpore Old 3"
"3112",4,929.728,7.388,0,34,1,260,777,"CFP","Airpore Medium 1"
"3113",5,929.728,6.172,0,35,1,260,777,"CFP","Airpore Medium 2"
"3114",6,4123.441,7.261,0,50,1,260,777,"CFP","Background"
"3115",1,929.728,53.006,7,118,2,260,777,"RFP","Airpore Old 1"
"3116",2,929.728,80.732,7,255,2,260,777,"RFP","Airpore Old 2"
"3117",3,929.728,38.036,3,189,2,260,777,"RFP","Airpore Old 3"
"3118",4,929.728,62.804,15,255,2,260,777,"RFP","Airpore Medium 1"
"3119",5,929.728,64.564,7,252,2,260,777,"RFP","Airpore Medium 2"
"3120",6,4123.441,69.627,3,255,2,260,777,"RFP","Background"
"3121",1,929.728,4.647,0,27,1,261,780,"CFP","Airpore Old 1"
"3122",2,929.728,7.386,0,35,1,261,780,"CFP","Airpore Old 2"
"3123",3,929.728,4.277,0,47,1,261,780,"CFP","Airpore Old 3"
"3124",4,929.728,7.645,0,35,1,261,780,"CFP","Airpore Medium 1"
"3125",5,929.728,6.061,0,27,1,261,780,"CFP","Airpore Medium 2"
"3126",6,4123.441,7.202,0,35,1,261,780,"CFP","Background"
"3127",1,929.728,52.273,11,143,2,261,780,"RFP","Airpore Old 1"
"3128",2,929.728,81.523,11,255,2,261,780,"RFP","Airpore Old 2"
"3129",3,929.728,36.902,3,191,2,261,780,"RFP","Airpore Old 3"
"3130",4,929.728,62.084,11,255,2,261,780,"RFP","Airpore Medium 1"
"3131",5,929.728,64.623,11,255,2,261,780,"RFP","Airpore Medium 2"
"3132",6,4123.441,69.453,3,255,2,261,780,"RFP","Background"
"3133",1,929.728,4.615,0,31,1,262,783,"CFP","Airpore Old 1"
"3134",2,929.728,7.417,0,35,1,262,783,"CFP","Airpore Old 2"
"3135",3,929.728,4.044,0,27,1,262,783,"CFP","Airpore Old 3"
"3136",4,929.728,7.352,0,27,1,262,783,"CFP","Airpore Medium 1"
"3137",5,929.728,6.25,0,27,1,262,783,"CFP","Airpore Medium 2"
"3138",6,4123.441,7.181,0,39,1,262,783,"CFP","Background"
"3139",1,929.728,52.478,7,117,2,262,783,"RFP","Airpore Old 1"
"3140",2,929.728,80.156,7,255,2,262,783,"RFP","Airpore Old 2"
"3141",3,929.728,37.137,3,170,2,262,783,"RFP","Airpore Old 3"
"3142",4,929.728,62.576,19,255,2,262,783,"RFP","Airpore Medium 1"
"3143",5,929.728,65.592,12,255,2,262,783,"RFP","Airpore Medium 2"
"3144",6,4123.441,69.032,3,255,2,262,783,"RFP","Background"
"3145",1,929.728,4.826,0,41,1,263,786,"CFP","Airpore Old 1"
"3146",2,929.728,7.475,0,47,1,263,786,"CFP","Airpore Old 2"
"3147",3,929.728,4.132,0,27,1,263,786,"CFP","Airpore Old 3"
"3148",4,929.728,7.356,0,31,1,263,786,"CFP","Airpore Medium 1"
"3149",5,929.728,6.016,0,38,1,263,786,"CFP","Airpore Medium 2"
"3150",6,4123.441,7.156,0,42,1,263,786,"CFP","Background"
"3151",1,929.728,52.118,3,130,2,263,786,"RFP","Airpore Old 1"
"3152",2,929.728,81.289,11,255,2,263,786,"RFP","Airpore Old 2"
"3153",3,929.728,36.781,3,194,2,263,786,"RFP","Airpore Old 3"
"3154",4,929.728,62.423,15,255,2,263,786,"RFP","Airpore Medium 1"
"3155",5,929.728,64.536,15,255,2,263,786,"RFP","Airpore Medium 2"
"3156",6,4123.441,68.917,7,255,2,263,786,"RFP","Background"
"3157",1,929.728,4.58,0,27,1,264,789,"CFP","Airpore Old 1"
"3158",2,929.728,7.365,0,39,1,264,789,"CFP","Airpore Old 2"
"3159",3,929.728,4.012,0,26,1,264,789,"CFP","Airpore Old 3"
"3160",4,929.728,7.355,0,31,1,264,789,"CFP","Airpore Medium 1"
"3161",5,929.728,6.086,0,27,1,264,789,"CFP","Airpore Medium 2"
"3162",6,4123.441,7.146,0,38,1,264,789,"CFP","Background"
"3163",1,929.728,52.865,7,150,2,264,789,"RFP","Airpore Old 1"
"3164",2,929.728,81.936,11,255,2,264,789,"RFP","Airpore Old 2"
"3165",3,929.728,37.778,3,165,2,264,789,"RFP","Airpore Old 3"
"3166",4,929.728,61.766,15,255,2,264,789,"RFP","Airpore Medium 1"
"3167",5,929.728,64.315,15,255,2,264,789,"RFP","Airpore Medium 2"
"3168",6,4123.441,69.295,3,255,2,264,789,"RFP","Background"
"3169",1,929.728,4.56,0,31,1,265,792,"CFP","Airpore Old 1"
"3170",2,929.728,7.465,0,33,1,265,792,"CFP","Airpore Old 2"
"3171",3,929.728,4.083,0,24,1,265,792,"CFP","Airpore Old 3"
"3172",4,929.728,7.535,0,27,1,265,792,"CFP","Airpore Medium 1"
"3173",5,929.728,6.209,0,27,1,265,792,"CFP","Airpore Medium 2"
"3174",6,4123.441,7.198,0,39,1,265,792,"CFP","Background"
"3175",1,929.728,52.209,11,130,2,265,792,"RFP","Airpore Old 1"
"3176",2,929.728,81.228,12,255,2,265,792,"RFP","Airpore Old 2"
"3177",3,929.728,37.197,3,161,2,265,792,"RFP","Airpore Old 3"
"3178",4,929.728,62.819,16,255,2,265,792,"RFP","Airpore Medium 1"
"3179",5,929.728,64.756,11,255,2,265,792,"RFP","Airpore Medium 2"
"3180",6,4123.441,69.188,3,255,2,265,792,"RFP","Background"
"3181",1,929.728,4.672,0,39,1,266,795,"CFP","Airpore Old 1"
"3182",2,929.728,7.443,0,35,1,266,795,"CFP","Airpore Old 2"
"3183",3,929.728,4.078,0,27,1,266,795,"CFP","Airpore Old 3"
"3184",4,929.728,7.379,0,31,1,266,795,"CFP","Airpore Medium 1"
"3185",5,929.728,6.182,0,39,1,266,795,"CFP","Airpore Medium 2"
"3186",6,4123.441,7.15,0,46,1,266,795,"CFP","Background"
"3187",1,929.728,51.905,11,145,2,266,795,"RFP","Airpore Old 1"
"3188",2,929.728,81.993,12,246,2,266,795,"RFP","Airpore Old 2"
"3189",3,929.728,36.636,3,232,2,266,795,"RFP","Airpore Old 3"
"3190",4,929.728,62.41,15,255,2,266,795,"RFP","Airpore Medium 1"
"3191",5,929.728,65.011,15,255,2,266,795,"RFP","Airpore Medium 2"
"3192",6,4123.441,68.359,7,255,2,266,795,"RFP","Background"
"3193",1,929.728,4.811,0,30,1,267,798,"CFP","Airpore Old 1"
"3194",2,929.728,7.247,0,39,1,267,798,"CFP","Airpore Old 2"
"3195",3,929.728,4.05,0,23,1,267,798,"CFP","Airpore Old 3"
"3196",4,929.728,7.513,0,27,1,267,798,"CFP","Airpore Medium 1"
"3197",5,929.728,6.083,0,52,1,267,798,"CFP","Airpore Medium 2"
"3198",6,4123.441,7.186,0,40,1,267,798,"CFP","Background"
"3199",1,929.728,51.687,11,128,2,267,798,"RFP","Airpore Old 1"
"3200",2,929.728,81.189,12,255,2,267,798,"RFP","Airpore Old 2"
"3201",3,929.728,37.349,3,169,2,267,798,"RFP","Airpore Old 3"
"3202",4,929.728,62.635,19,255,2,267,798,"RFP","Airpore Medium 1"
"3203",5,929.728,64.866,11,255,2,267,798,"RFP","Airpore Medium 2"
"3204",6,4123.441,68.73,7,255,2,267,798,"RFP","Background"
"3205",1,929.728,4.758,0,27,1,268,801,"CFP","Airpore Old 1"
"3206",2,929.728,7.793,0,46,1,268,801,"CFP","Airpore Old 2"
"3207",3,929.728,4.025,0,24,1,268,801,"CFP","Airpore Old 3"
"3208",4,929.728,7.326,0,31,1,268,801,"CFP","Airpore Medium 1"
"3209",5,929.728,6.056,0,31,1,268,801,"CFP","Airpore Medium 2"
"3210",6,4123.441,7.142,0,46,1,268,801,"CFP","Background"
"3211",1,929.728,51.033,11,131,2,268,801,"RFP","Airpore Old 1"
"3212",2,929.728,81.761,15,255,2,268,801,"RFP","Airpore Old 2"
"3213",3,929.728,36.211,3,174,2,268,801,"RFP","Airpore Old 3"
"3214",4,929.728,62.912,16,255,2,268,801,"RFP","Airpore Medium 1"
"3215",5,929.728,64.493,7,255,2,268,801,"RFP","Airpore Medium 2"
"3216",6,4123.441,68.102,7,255,2,268,801,"RFP","Background"
"3217",1,929.728,4.792,0,35,1,269,804,"CFP","Airpore Old 1"
"3218",2,929.728,7.289,0,39,1,269,804,"CFP","Airpore Old 2"
"3219",3,929.728,3.947,0,24,1,269,804,"CFP","Airpore Old 3"
"3220",4,929.728,7.802,0,31,1,269,804,"CFP","Airpore Medium 1"
"3221",5,929.728,6.334,0,46,1,269,804,"CFP","Airpore Medium 2"
"3222",6,4123.441,7.138,0,43,1,269,804,"CFP","Background"
"3223",1,929.728,51.124,3,124,2,269,804,"RFP","Airpore Old 1"
"3224",2,929.728,80.902,12,247,2,269,804,"RFP","Airpore Old 2"
"3225",3,929.728,36.287,3,179,2,269,804,"RFP","Airpore Old 3"
"3226",4,929.728,61.944,12,255,2,269,804,"RFP","Airpore Medium 1"
"3227",5,929.728,65.01,11,252,2,269,804,"RFP","Airpore Medium 2"
"3228",6,4123.441,67.812,3,255,2,269,804,"RFP","Background"
"3229",1,929.728,4.759,0,29,1,270,807,"CFP","Airpore Old 1"
"3230",2,929.728,7.727,0,47,1,270,807,"CFP","Airpore Old 2"
"3231",3,929.728,4.006,0,23,1,270,807,"CFP","Airpore Old 3"
"3232",4,929.728,7.476,0,31,1,270,807,"CFP","Airpore Medium 1"
"3233",5,929.728,6.083,0,31,1,270,807,"CFP","Airpore Medium 2"
"3234",6,4123.441,7.164,0,46,1,270,807,"CFP","Background"
"3235",1,929.728,49.917,7,122,2,270,807,"RFP","Airpore Old 1"
"3236",2,929.728,81,7,255,2,270,807,"RFP","Airpore Old 2"
"3237",3,929.728,36.934,0,166,2,270,807,"RFP","Airpore Old 3"
"3238",4,929.728,62.339,15,255,2,270,807,"RFP","Airpore Medium 1"
"3239",5,929.728,64.684,11,250,2,270,807,"RFP","Airpore Medium 2"
"3240",6,4123.441,67.706,3,255,2,270,807,"RFP","Background"
"3241",1,929.728,4.909,0,24,1,271,810,"CFP","Airpore Old 1"
"3242",2,929.728,7.41,0,31,1,271,810,"CFP","Airpore Old 2"
"3243",3,929.728,4.011,0,23,1,271,810,"CFP","Airpore Old 3"
"3244",4,929.728,7.737,0,32,1,271,810,"CFP","Airpore Medium 1"
"3245",5,929.728,6.258,0,28,1,271,810,"CFP","Airpore Medium 2"
"3246",6,4123.441,7.07,0,53,1,271,810,"CFP","Background"
"3247",1,929.728,50.9,8,137,2,271,810,"RFP","Airpore Old 1"
"3248",2,929.728,80.472,7,255,2,271,810,"RFP","Airpore Old 2"
"3249",3,929.728,36.866,0,162,2,271,810,"RFP","Airpore Old 3"
"3250",4,929.728,63.112,19,255,2,271,810,"RFP","Airpore Medium 1"
"3251",5,929.728,64.94,11,255,2,271,810,"RFP","Airpore Medium 2"
"3252",6,4123.441,67.685,7,255,2,271,810,"RFP","Background"
"3253",1,929.728,4.805,0,27,1,272,813,"CFP","Airpore Old 1"
"3254",2,929.728,7.344,0,40,1,272,813,"CFP","Airpore Old 2"
"3255",3,929.728,3.97,0,23,1,272,813,"CFP","Airpore Old 3"
"3256",4,929.728,7.489,0,36,1,272,813,"CFP","Airpore Medium 1"
"3257",5,929.728,6.114,0,27,1,272,813,"CFP","Airpore Medium 2"
"3258",6,4123.441,7.111,0,47,1,272,813,"CFP","Background"
"3259",1,929.728,51.293,7,119,2,272,813,"RFP","Airpore Old 1"
"3260",2,929.728,81.854,7,255,2,272,813,"RFP","Airpore Old 2"
"3261",3,929.728,36.742,0,184,2,272,813,"RFP","Airpore Old 3"
"3262",4,929.728,62.845,19,255,2,272,813,"RFP","Airpore Medium 1"
"3263",5,929.728,64.749,12,246,2,272,813,"RFP","Airpore Medium 2"
"3264",6,4123.441,68.224,0,255,2,272,813,"RFP","Background"
"3265",1,929.728,4.771,0,27,1,273,816,"CFP","Airpore Old 1"
"3266",2,929.728,7.217,0,31,1,273,816,"CFP","Airpore Old 2"
"3267",3,929.728,4.229,0,29,1,273,816,"CFP","Airpore Old 3"
"3268",4,929.728,7.279,0,36,1,273,816,"CFP","Airpore Medium 1"
"3269",5,929.728,6.165,0,43,1,273,816,"CFP","Airpore Medium 2"
"3270",6,4123.441,6.926,0,39,1,273,816,"CFP","Background"
"3271",1,929.728,51.015,11,135,2,273,816,"RFP","Airpore Old 1"
"3272",2,929.728,81.784,7,255,2,273,816,"RFP","Airpore Old 2"
"3273",3,929.728,36.884,0,175,2,273,816,"RFP","Airpore Old 3"
"3274",4,929.728,63.051,19,255,2,273,816,"RFP","Airpore Medium 1"
"3275",5,929.728,65.504,15,255,2,273,816,"RFP","Airpore Medium 2"
"3276",6,4123.441,68.015,3,255,2,273,816,"RFP","Background"
"3277",1,929.728,4.532,0,24,1,274,819,"CFP","Airpore Old 1"
"3278",2,929.728,7.399,0,39,1,274,819,"CFP","Airpore Old 2"
"3279",3,929.728,4.137,0,23,1,274,819,"CFP","Airpore Old 3"
"3280",4,929.728,7.582,0,31,1,274,819,"CFP","Airpore Medium 1"
"3281",5,929.728,6.319,0,31,1,274,819,"CFP","Airpore Medium 2"
"3282",6,4123.441,7.085,0,54,1,274,819,"CFP","Background"
"3283",1,929.728,50.873,8,120,2,274,819,"RFP","Airpore Old 1"
"3284",2,929.728,81.308,15,255,2,274,819,"RFP","Airpore Old 2"
"3285",3,929.728,36.727,3,193,2,274,819,"RFP","Airpore Old 3"
"3286",4,929.728,62.711,15,255,2,274,819,"RFP","Airpore Medium 1"
"3287",5,929.728,65.531,12,255,2,274,819,"RFP","Airpore Medium 2"
"3288",6,4123.441,67.329,3,255,2,274,819,"RFP","Background"
"3289",1,929.728,4.478,0,24,1,275,822,"CFP","Airpore Old 1"
"3290",2,929.728,7.64,0,35,1,275,822,"CFP","Airpore Old 2"
"3291",3,929.728,4.128,0,46,1,275,822,"CFP","Airpore Old 3"
"3292",4,929.728,7.345,0,34,1,275,822,"CFP","Airpore Medium 1"
"3293",5,929.728,6.023,0,27,1,275,822,"CFP","Airpore Medium 2"
"3294",6,4123.441,7.124,0,39,1,275,822,"CFP","Background"
"3295",1,929.728,51.337,7,154,2,275,822,"RFP","Airpore Old 1"
"3296",2,929.728,80.454,15,255,2,275,822,"RFP","Airpore Old 2"
"3297",3,929.728,37.08,3,145,2,275,822,"RFP","Airpore Old 3"
"3298",4,929.728,63.746,15,255,2,275,822,"RFP","Airpore Medium 1"
"3299",5,929.728,66.221,16,251,2,275,822,"RFP","Airpore Medium 2"
"3300",6,4123.441,67.574,0,255,2,275,822,"RFP","Background"
"3301",1,929.728,4.654,0,24,1,276,825,"CFP","Airpore Old 1"
"3302",2,929.728,7.181,0,39,1,276,825,"CFP","Airpore Old 2"
"3303",3,929.728,4.096,0,24,1,276,825,"CFP","Airpore Old 3"
"3304",4,929.728,7.569,0,31,1,276,825,"CFP","Airpore Medium 1"
"3305",5,929.728,6.006,0,31,1,276,825,"CFP","Airpore Medium 2"
"3306",6,4123.441,7.153,0,39,1,276,825,"CFP","Background"
"3307",1,929.728,50.18,7,121,2,276,825,"RFP","Airpore Old 1"
"3308",2,929.728,81.978,15,255,2,276,825,"RFP","Airpore Old 2"
"3309",3,929.728,36.852,3,154,2,276,825,"RFP","Airpore Old 3"
"3310",4,929.728,62.844,15,255,2,276,825,"RFP","Airpore Medium 1"
"3311",5,929.728,65.117,15,225,2,276,825,"RFP","Airpore Medium 2"
"3312",6,4123.441,67.379,3,255,2,276,825,"RFP","Background"
"3313",1,929.728,4.412,0,27,1,277,828,"CFP","Airpore Old 1"
"3314",2,929.728,7.582,0,46,1,277,828,"CFP","Airpore Old 2"
"3315",3,929.728,3.858,0,23,1,277,828,"CFP","Airpore Old 3"
"3316",4,929.728,7.494,0,65,1,277,828,"CFP","Airpore Medium 1"
"3317",5,929.728,6.201,0,31,1,277,828,"CFP","Airpore Medium 2"
"3318",6,4123.441,7.133,0,42,1,277,828,"CFP","Background"
"3319",1,929.728,50.589,3,123,2,277,828,"RFP","Airpore Old 1"
"3320",2,929.728,82.193,11,255,2,277,828,"RFP","Airpore Old 2"
"3321",3,929.728,36.37,3,201,2,277,828,"RFP","Airpore Old 3"
"3322",4,929.728,63.116,11,255,2,277,828,"RFP","Airpore Medium 1"
"3323",5,929.728,65.074,11,255,2,277,828,"RFP","Airpore Medium 2"
"3324",6,4123.441,67.101,3,255,2,277,828,"RFP","Background"
"3325",1,929.728,4.569,0,23,1,278,831,"CFP","Airpore Old 1"
"3326",2,929.728,7.16,0,46,1,278,831,"CFP","Airpore Old 2"
"3327",3,929.728,4.001,0,31,1,278,831,"CFP","Airpore Old 3"
"3328",4,929.728,7.524,0,32,1,278,831,"CFP","Airpore Medium 1"
"3329",5,929.728,6.057,0,31,1,278,831,"CFP","Airpore Medium 2"
"3330",6,4123.441,7.056,0,50,1,278,831,"CFP","Background"
"3331",1,929.728,50.704,7,109,2,278,831,"RFP","Airpore Old 1"
"3332",2,929.728,81.211,7,255,2,278,831,"RFP","Airpore Old 2"
"3333",3,929.728,36.589,3,168,2,278,831,"RFP","Airpore Old 3"
"3334",4,929.728,63.527,11,255,2,278,831,"RFP","Airpore Medium 1"
"3335",5,929.728,64.36,11,238,2,278,831,"RFP","Airpore Medium 2"
"3336",6,4123.441,67.092,3,255,2,278,831,"RFP","Background"
"3337",1,929.728,4.373,0,27,1,279,834,"CFP","Airpore Old 1"
"3338",2,929.728,7.263,0,38,1,279,834,"CFP","Airpore Old 2"
"3339",3,929.728,4.135,0,27,1,279,834,"CFP","Airpore Old 3"
"3340",4,929.728,7.405,0,38,1,279,834,"CFP","Airpore Medium 1"
"3341",5,929.728,5.995,0,40,1,279,834,"CFP","Airpore Medium 2"
"3342",6,4123.441,7.046,0,46,1,279,834,"CFP","Background"
"3343",1,929.728,50.426,8,116,2,279,834,"RFP","Airpore Old 1"
"3344",2,929.728,82.609,8,255,2,279,834,"RFP","Airpore Old 2"
"3345",3,929.728,36.114,0,154,2,279,834,"RFP","Airpore Old 3"
"3346",4,929.728,63.612,19,255,2,279,834,"RFP","Airpore Medium 1"
"3347",5,929.728,64.687,7,245,2,279,834,"RFP","Airpore Medium 2"
"3348",6,4123.441,67.023,0,255,2,279,834,"RFP","Background"
"3349",1,929.728,4.456,0,24,1,280,837,"CFP","Airpore Old 1"
"3350",2,929.728,7.478,0,39,1,280,837,"CFP","Airpore Old 2"
"3351",3,929.728,4.015,0,23,1,280,837,"CFP","Airpore Old 3"
"3352",4,929.728,7.438,0,31,1,280,837,"CFP","Airpore Medium 1"
"3353",5,929.728,5.98,0,23,1,280,837,"CFP","Airpore Medium 2"
"3354",6,4123.441,6.956,0,62,1,280,837,"CFP","Background"
"3355",1,929.728,50.598,8,162,2,280,837,"RFP","Airpore Old 1"
"3356",2,929.728,82.329,7,255,2,280,837,"RFP","Airpore Old 2"
"3357",3,929.728,36.352,3,178,2,280,837,"RFP","Airpore Old 3"
"3358",4,929.728,63.379,15,255,2,280,837,"RFP","Airpore Medium 1"
"3359",5,929.728,65.844,15,253,2,280,837,"RFP","Airpore Medium 2"
"3360",6,4123.441,67.018,3,255,2,280,837,"RFP","Background"
"3361",1,929.728,4.729,0,33,1,281,840,"CFP","Airpore Old 1"
"3362",2,929.728,7.413,0,47,1,281,840,"CFP","Airpore Old 2"
"3363",3,929.728,4.142,0,24,1,281,840,"CFP","Airpore Old 3"
"3364",4,929.728,7.506,0,35,1,281,840,"CFP","Airpore Medium 1"
"3365",5,929.728,6.06,0,31,1,281,840,"CFP","Airpore Medium 2"
"3366",6,4123.441,6.983,0,49,1,281,840,"CFP","Background"
"3367",1,929.728,50.127,11,119,2,281,840,"RFP","Airpore Old 1"
"3368",2,929.728,82.624,11,244,2,281,840,"RFP","Airpore Old 2"
"3369",3,929.728,35.953,0,151,2,281,840,"RFP","Airpore Old 3"
"3370",4,929.728,64.073,15,255,2,281,840,"RFP","Airpore Medium 1"
"3371",5,929.728,65.337,11,253,2,281,840,"RFP","Airpore Medium 2"
"3372",6,4123.441,66.707,7,255,2,281,840,"RFP","Background"
"3373",1,929.728,4.69,0,31,1,282,843,"CFP","Airpore Old 1"
"3374",2,929.728,7.286,0,43,1,282,843,"CFP","Airpore Old 2"
"3375",3,929.728,4.049,0,31,1,282,843,"CFP","Airpore Old 3"
"3376",4,929.728,7.316,0,38,1,282,843,"CFP","Airpore Medium 1"
"3377",5,929.728,5.952,0,27,1,282,843,"CFP","Airpore Medium 2"
"3378",6,4123.441,6.925,0,44,1,282,843,"CFP","Background"
"3379",1,929.728,50.028,11,131,2,282,843,"RFP","Airpore Old 1"
"3380",2,929.728,82.009,11,255,2,282,843,"RFP","Airpore Old 2"
"3381",3,929.728,36.151,0,138,2,282,843,"RFP","Airpore Old 3"
"3382",4,929.728,63.872,15,255,2,282,843,"RFP","Airpore Medium 1"
"3383",5,929.728,65.214,12,255,2,282,843,"RFP","Airpore Medium 2"
"3384",6,4123.441,66.738,3,255,2,282,843,"RFP","Background"
"3385",1,929.728,4.331,0,23,1,283,846,"CFP","Airpore Old 1"
"3386",2,929.728,7.461,0,35,1,283,846,"CFP","Airpore Old 2"
"3387",3,929.728,4.071,0,23,1,283,846,"CFP","Airpore Old 3"
"3388",4,929.728,7.415,0,31,1,283,846,"CFP","Airpore Medium 1"
"3389",5,929.728,6.178,0,38,1,283,846,"CFP","Airpore Medium 2"
"3390",6,4123.441,6.895,0,39,1,283,846,"CFP","Background"
"3391",1,929.728,49.829,7,112,2,283,846,"RFP","Airpore Old 1"
"3392",2,929.728,81.798,15,255,2,283,846,"RFP","Airpore Old 2"
"3393",3,929.728,35.633,0,142,2,283,846,"RFP","Airpore Old 3"
"3394",4,929.728,62.91,15,255,2,283,846,"RFP","Airpore Medium 1"
"3395",5,929.728,65.778,11,237,2,283,846,"RFP","Airpore Medium 2"
"3396",6,4123.441,66.095,7,255,2,283,846,"RFP","Background"
"3397",1,929.728,4.468,0,24,1,284,849,"CFP","Airpore Old 1"
"3398",2,929.728,7.303,0,46,1,284,849,"CFP","Airpore Old 2"
"3399",3,929.728,4.066,0,24,1,284,849,"CFP","Airpore Old 3"
"3400",4,929.728,7.485,0,37,1,284,849,"CFP","Airpore Medium 1"
"3401",5,929.728,6.163,0,27,1,284,849,"CFP","Airpore Medium 2"
"3402",6,4123.441,6.994,0,50,1,284,849,"CFP","Background"
"3403",1,929.728,49.612,7,133,2,284,849,"RFP","Airpore Old 1"
"3404",2,929.728,81.312,7,255,2,284,849,"RFP","Airpore Old 2"
"3405",3,929.728,35.741,3,136,2,284,849,"RFP","Airpore Old 3"
"3406",4,929.728,63.383,15,255,2,284,849,"RFP","Airpore Medium 1"
"3407",5,929.728,65.386,15,247,2,284,849,"RFP","Airpore Medium 2"
"3408",6,4123.441,66.005,7,255,2,284,849,"RFP","Background"
"3409",1,929.728,4.537,0,24,1,285,852,"CFP","Airpore Old 1"
"3410",2,929.728,7.364,0,36,1,285,852,"CFP","Airpore Old 2"
"3411",3,929.728,4.062,0,24,1,285,852,"CFP","Airpore Old 3"
"3412",4,929.728,7.521,0,39,1,285,852,"CFP","Airpore Medium 1"
"3413",5,929.728,6.085,0,27,1,285,852,"CFP","Airpore Medium 2"
"3414",6,4123.441,7.043,0,43,1,285,852,"CFP","Background"
"3415",1,929.728,49.438,7,210,2,285,852,"RFP","Airpore Old 1"
"3416",2,929.728,81.673,8,255,2,285,852,"RFP","Airpore Old 2"
"3417",3,929.728,35.625,0,174,2,285,852,"RFP","Airpore Old 3"
"3418",4,929.728,62.689,19,255,2,285,852,"RFP","Airpore Medium 1"
"3419",5,929.728,65.06,15,226,2,285,852,"RFP","Airpore Medium 2"
"3420",6,4123.441,66.131,3,255,2,285,852,"RFP","Background"
"3421",1,929.728,4.557,0,27,1,286,855,"CFP","Airpore Old 1"
"3422",2,929.728,7.379,0,51,1,286,855,"CFP","Airpore Old 2"
"3423",3,929.728,3.988,0,24,1,286,855,"CFP","Airpore Old 3"
"3424",4,929.728,7.366,0,39,1,286,855,"CFP","Airpore Medium 1"
"3425",5,929.728,6.307,0,35,1,286,855,"CFP","Airpore Medium 2"
"3426",6,4123.441,6.982,0,38,1,286,855,"CFP","Background"
"3427",1,929.728,49.452,7,107,2,286,855,"RFP","Airpore Old 1"
"3428",2,929.728,81.155,15,255,2,286,855,"RFP","Airpore Old 2"
"3429",3,929.728,36.101,0,183,2,286,855,"RFP","Airpore Old 3"
"3430",4,929.728,63.182,19,255,2,286,855,"RFP","Airpore Medium 1"
"3431",5,929.728,65.258,12,242,2,286,855,"RFP","Airpore Medium 2"
"3432",6,4123.441,65.938,3,255,2,286,855,"RFP","Background"
"3433",1,929.728,4.6,0,35,1,287,858,"CFP","Airpore Old 1"
"3434",2,929.728,7.189,0,39,1,287,858,"CFP","Airpore Old 2"
"3435",3,929.728,4.1,0,27,1,287,858,"CFP","Airpore Old 3"
"3436",4,929.728,7.344,0,31,1,287,858,"CFP","Airpore Medium 1"
"3437",5,929.728,6.189,0,27,1,287,858,"CFP","Airpore Medium 2"
"3438",6,4123.441,6.94,0,47,1,287,858,"CFP","Background"
"3439",1,929.728,49.128,3,115,2,287,858,"RFP","Airpore Old 1"
"3440",2,929.728,81.881,8,255,2,287,858,"RFP","Airpore Old 2"
"3441",3,929.728,35.876,0,138,2,287,858,"RFP","Airpore Old 3"
"3442",4,929.728,63.786,15,255,2,287,858,"RFP","Airpore Medium 1"
"3443",5,929.728,66.268,12,255,2,287,858,"RFP","Airpore Medium 2"
"3444",6,4123.441,66.423,3,255,2,287,858,"RFP","Background"
"3445",1,929.728,4.484,0,33,1,288,861,"CFP","Airpore Old 1"
"3446",2,929.728,7.308,0,47,1,288,861,"CFP","Airpore Old 2"
"3447",3,929.728,4.114,0,24,1,288,861,"CFP","Airpore Old 3"
"3448",4,929.728,7.402,0,39,1,288,861,"CFP","Airpore Medium 1"
"3449",5,929.728,6.155,0,31,1,288,861,"CFP","Airpore Medium 2"
"3450",6,4123.441,6.935,0,40,1,288,861,"CFP","Background"
"3451",1,929.728,49.272,7,118,2,288,861,"RFP","Airpore Old 1"
"3452",2,929.728,82.111,8,255,2,288,861,"RFP","Airpore Old 2"
"3453",3,929.728,36.26,3,145,2,288,861,"RFP","Airpore Old 3"
"3454",4,929.728,63.792,15,255,2,288,861,"RFP","Airpore Medium 1"
"3455",5,929.728,66.619,15,255,2,288,861,"RFP","Airpore Medium 2"
"3456",6,4123.441,65.848,3,255,2,288,861,"RFP","Background"
"3457",1,929.728,4.553,0,27,1,289,864,"CFP","Airpore Old 1"
"3458",2,929.728,7.397,0,31,1,289,864,"CFP","Airpore Old 2"
"3459",3,929.728,3.919,0,32,1,289,864,"CFP","Airpore Old 3"
"3460",4,929.728,7.317,0,35,1,289,864,"CFP","Airpore Medium 1"
"3461",5,929.728,6.291,0,37,1,289,864,"CFP","Airpore Medium 2"
"3462",6,4123.441,6.981,0,47,1,289,864,"CFP","Background"
"3463",1,929.728,49.423,8,104,2,289,864,"RFP","Airpore Old 1"
"3464",2,929.728,82.003,11,255,2,289,864,"RFP","Airpore Old 2"
"3465",3,929.728,36.086,3,139,2,289,864,"RFP","Airpore Old 3"
"3466",4,929.728,63.405,12,255,2,289,864,"RFP","Airpore Medium 1"
"3467",5,929.728,65.069,11,255,2,289,864,"RFP","Airpore Medium 2"
"3468",6,4123.441,65.986,3,255,2,289,864,"RFP","Background"
"3469",1,929.728,4.504,0,31,1,290,867,"CFP","Airpore Old 1"
"3470",2,929.728,7.214,0,35,1,290,867,"CFP","Airpore Old 2"
"3471",3,929.728,3.8,0,23,1,290,867,"CFP","Airpore Old 3"
"3472",4,929.728,7.708,0,31,1,290,867,"CFP","Airpore Medium 1"
"3473",5,929.728,6.111,0,38,1,290,867,"CFP","Airpore Medium 2"
"3474",6,4123.441,6.964,0,44,1,290,867,"CFP","Background"
"3475",1,929.728,49.001,3,143,2,290,867,"RFP","Airpore Old 1"
"3476",2,929.728,82.739,15,255,2,290,867,"RFP","Airpore Old 2"
"3477",3,929.728,35.823,3,167,2,290,867,"RFP","Airpore Old 3"
"3478",4,929.728,63.242,15,255,2,290,867,"RFP","Airpore Medium 1"
"3479",5,929.728,66.329,15,255,2,290,867,"RFP","Airpore Medium 2"
"3480",6,4123.441,65.732,3,255,2,290,867,"RFP","Background"
"3481",1,929.728,4.418,0,24,1,291,870,"CFP","Airpore Old 1"
"3482",2,929.728,7.387,0,36,1,291,870,"CFP","Airpore Old 2"
"3483",3,929.728,3.922,0,27,1,291,870,"CFP","Airpore Old 3"
"3484",4,929.728,7.426,0,34,1,291,870,"CFP","Airpore Medium 1"
"3485",5,929.728,6.314,0,31,1,291,870,"CFP","Airpore Medium 2"
"3486",6,4123.441,6.875,0,43,1,291,870,"CFP","Background"
"3487",1,929.728,49.652,8,106,2,291,870,"RFP","Airpore Old 1"
"3488",2,929.728,82.347,11,255,2,291,870,"RFP","Airpore Old 2"
"3489",3,929.728,35.98,0,138,2,291,870,"RFP","Airpore Old 3"
"3490",4,929.728,64.03,15,255,2,291,870,"RFP","Airpore Medium 1"
"3491",5,929.728,65.753,15,255,2,291,870,"RFP","Airpore Medium 2"
"3492",6,4123.441,65.637,3,255,2,291,870,"RFP","Background"
"3493",1,929.728,4.31,0,23,1,292,873,"CFP","Airpore Old 1"
"3494",2,929.728,7.378,0,47,1,292,873,"CFP","Airpore Old 2"
"3495",3,929.728,4.123,0,23,1,292,873,"CFP","Airpore Old 3"
"3496",4,929.728,7.57,0,36,1,292,873,"CFP","Airpore Medium 1"
"3497",5,929.728,6.137,0,35,1,292,873,"CFP","Airpore Medium 2"
"3498",6,4123.441,6.961,0,39,1,292,873,"CFP","Background"
"3499",1,929.728,48.847,7,136,2,292,873,"RFP","Airpore Old 1"
"3500",2,929.728,81.452,11,255,2,292,873,"RFP","Airpore Old 2"
"3501",3,929.728,35.847,3,134,2,292,873,"RFP","Airpore Old 3"
"3502",4,929.728,64.028,15,255,2,292,873,"RFP","Airpore Medium 1"
"3503",5,929.728,65.464,15,255,2,292,873,"RFP","Airpore Medium 2"
"3504",6,4123.441,65.795,7,255,2,292,873,"RFP","Background"
"3505",1,929.728,4.586,0,27,1,293,876,"CFP","Airpore Old 1"
"3506",2,929.728,7.345,0,35,1,293,876,"CFP","Airpore Old 2"
"3507",3,929.728,4.068,0,27,1,293,876,"CFP","Airpore Old 3"
"3508",4,929.728,7.396,0,43,1,293,876,"CFP","Airpore Medium 1"
"3509",5,929.728,6.225,0,31,1,293,876,"CFP","Airpore Medium 2"
"3510",6,4123.441,6.886,0,48,1,293,876,"CFP","Background"
"3511",1,929.728,49.049,7,123,2,293,876,"RFP","Airpore Old 1"
"3512",2,929.728,82.852,12,255,2,293,876,"RFP","Airpore Old 2"
"3513",3,929.728,36.163,0,172,2,293,876,"RFP","Airpore Old 3"
"3514",4,929.728,64.509,15,255,2,293,876,"RFP","Airpore Medium 1"
"3515",5,929.728,66.255,11,250,2,293,876,"RFP","Airpore Medium 2"
"3516",6,4123.441,66.029,3,255,2,293,876,"RFP","Background"
"3517",1,929.728,4.315,0,27,1,294,879,"CFP","Airpore Old 1"
"3518",2,929.728,7.293,0,44,1,294,879,"CFP","Airpore Old 2"
"3519",3,929.728,4.143,0,31,1,294,879,"CFP","Airpore Old 3"
"3520",4,929.728,7.381,0,31,1,294,879,"CFP","Airpore Medium 1"
"3521",5,929.728,6.101,0,31,1,294,879,"CFP","Airpore Medium 2"
"3522",6,4123.441,6.826,0,44,1,294,879,"CFP","Background"
"3523",1,929.728,48.468,11,116,2,294,879,"RFP","Airpore Old 1"
"3524",2,929.728,82.692,15,234,2,294,879,"RFP","Airpore Old 2"
"3525",3,929.728,35.572,0,124,2,294,879,"RFP","Airpore Old 3"
"3526",4,929.728,64.503,19,255,2,294,879,"RFP","Airpore Medium 1"
"3527",5,929.728,65.645,12,255,2,294,879,"RFP","Airpore Medium 2"
"3528",6,4123.441,65.301,7,255,2,294,879,"RFP","Background"
"3529",1,929.728,4.502,0,23,1,295,882,"CFP","Airpore Old 1"
"3530",2,929.728,7.176,0,39,1,295,882,"CFP","Airpore Old 2"
"3531",3,929.728,4.046,0,24,1,295,882,"CFP","Airpore Old 3"
"3532",4,929.728,7.553,0,44,1,295,882,"CFP","Airpore Medium 1"
"3533",5,929.728,5.987,0,31,1,295,882,"CFP","Airpore Medium 2"
"3534",6,4123.441,6.855,0,39,1,295,882,"CFP","Background"
"3535",1,929.728,48.908,7,115,2,295,882,"RFP","Airpore Old 1"
"3536",2,929.728,82.706,15,255,2,295,882,"RFP","Airpore Old 2"
"3537",3,929.728,35.334,0,130,2,295,882,"RFP","Airpore Old 3"
"3538",4,929.728,64.305,15,255,2,295,882,"RFP","Airpore Medium 1"
"3539",5,929.728,65.601,11,255,2,295,882,"RFP","Airpore Medium 2"
"3540",6,4123.441,65.595,7,255,2,295,882,"RFP","Background"
"3541",1,929.728,4.324,0,23,1,296,885,"CFP","Airpore Old 1"
"3542",2,929.728,7.679,0,43,1,296,885,"CFP","Airpore Old 2"
"3543",3,929.728,3.985,0,38,1,296,885,"CFP","Airpore Old 3"
"3544",4,929.728,7.456,0,43,1,296,885,"CFP","Airpore Medium 1"
"3545",5,929.728,6.153,0,31,1,296,885,"CFP","Airpore Medium 2"
"3546",6,4123.441,6.906,0,43,1,296,885,"CFP","Background"
"3547",1,929.728,49.339,7,118,2,296,885,"RFP","Airpore Old 1"
"3548",2,929.728,82.232,8,255,2,296,885,"RFP","Airpore Old 2"
"3549",3,929.728,35.455,3,130,2,296,885,"RFP","Airpore Old 3"
"3550",4,929.728,64.137,15,255,2,296,885,"RFP","Airpore Medium 1"
"3551",5,929.728,66.075,11,255,2,296,885,"RFP","Airpore Medium 2"
"3552",6,4123.441,65.45,7,255,2,296,885,"RFP","Background"
"3553",1,929.728,4.333,0,31,1,297,888,"CFP","Airpore Old 1"
"3554",2,929.728,7.501,0,50,1,297,888,"CFP","Airpore Old 2"
"3555",3,929.728,3.975,0,27,1,297,888,"CFP","Airpore Old 3"
"3556",4,929.728,7.591,0,31,1,297,888,"CFP","Airpore Medium 1"
"3557",5,929.728,6.194,0,27,1,297,888,"CFP","Airpore Medium 2"
"3558",6,4123.441,6.848,0,39,1,297,888,"CFP","Background"
"3559",1,929.728,48.529,7,108,2,297,888,"RFP","Airpore Old 1"
"3560",2,929.728,82.127,11,255,2,297,888,"RFP","Airpore Old 2"
"3561",3,929.728,35.3,3,147,2,297,888,"RFP","Airpore Old 3"
"3562",4,929.728,63.832,19,255,2,297,888,"RFP","Airpore Medium 1"
"3563",5,929.728,65.661,12,255,2,297,888,"RFP","Airpore Medium 2"
"3564",6,4123.441,64.924,3,255,2,297,888,"RFP","Background"
"3565",1,929.728,4.504,0,28,1,298,891,"CFP","Airpore Old 1"
"3566",2,929.728,7.471,0,35,1,298,891,"CFP","Airpore Old 2"
"3567",3,929.728,4.007,0,38,1,298,891,"CFP","Airpore Old 3"
"3568",4,929.728,7.383,0,38,1,298,891,"CFP","Airpore Medium 1"
"3569",5,929.728,6.212,0,35,1,298,891,"CFP","Airpore Medium 2"
"3570",6,4123.441,6.832,0,40,1,298,891,"CFP","Background"
"3571",1,929.728,48.851,7,103,2,298,891,"RFP","Airpore Old 1"
"3572",2,929.728,81.297,12,255,2,298,891,"RFP","Airpore Old 2"
"3573",3,929.728,35.685,3,125,2,298,891,"RFP","Airpore Old 3"
"3574",4,929.728,63.077,11,255,2,298,891,"RFP","Airpore Medium 1"
"3575",5,929.728,64.999,12,255,2,298,891,"RFP","Airpore Medium 2"
"3576",6,4123.441,64.956,3,255,2,298,891,"RFP","Background"
"3577",1,929.728,4.357,0,34,1,299,894,"CFP","Airpore Old 1"
"3578",2,929.728,7.489,0,35,1,299,894,"CFP","Airpore Old 2"
"3579",3,929.728,3.982,0,27,1,299,894,"CFP","Airpore Old 3"
"3580",4,929.728,7.256,0,36,1,299,894,"CFP","Airpore Medium 1"
"3581",5,929.728,6.324,0,27,1,299,894,"CFP","Airpore Medium 2"
"3582",6,4123.441,6.788,0,38,1,299,894,"CFP","Background"
"3583",1,929.728,48.519,7,115,2,299,894,"RFP","Airpore Old 1"
"3584",2,929.728,82.342,12,255,2,299,894,"RFP","Airpore Old 2"
"3585",3,929.728,35.431,0,155,2,299,894,"RFP","Airpore Old 3"
"3586",4,929.728,63.842,15,255,2,299,894,"RFP","Airpore Medium 1"
"3587",5,929.728,64.984,15,253,2,299,894,"RFP","Airpore Medium 2"
"3588",6,4123.441,64.853,3,255,2,299,894,"RFP","Background"
"3589",1,929.728,4.303,0,24,1,300,897,"CFP","Airpore Old 1"
"3590",2,929.728,7.25,0,47,1,300,897,"CFP","Airpore Old 2"
"3591",3,929.728,3.841,0,27,1,300,897,"CFP","Airpore Old 3"
"3592",4,929.728,7.489,0,35,1,300,897,"CFP","Airpore Medium 1"
"3593",5,929.728,5.964,0,31,1,300,897,"CFP","Airpore Medium 2"
"3594",6,4123.441,6.726,0,43,1,300,897,"CFP","Background"
"3595",1,929.728,48.229,7,106,2,300,897,"RFP","Airpore Old 1"
"3596",2,929.728,82.68,11,255,2,300,897,"RFP","Airpore Old 2"
"3597",3,929.728,35.472,3,130,2,300,897,"RFP","Airpore Old 3"
"3598",4,929.728,63.544,15,255,2,300,897,"RFP","Airpore Medium 1"
"3599",5,929.728,65.001,8,255,2,300,897,"RFP","Airpore Medium 2"
"3600",6,4123.441,64.841,3,255,2,300,897,"RFP","Background"
"3601",1,929.728,4.326,0,24,1,301,900,"CFP","Airpore Old 1"
"3602",2,929.728,7.133,0,35,1,301,900,"CFP","Airpore Old 2"
"3603",3,929.728,3.807,0,24,1,301,900,"CFP","Airpore Old 3"
"3604",4,929.728,7.522,0,38,1,301,900,"CFP","Airpore Medium 1"
"3605",5,929.728,6.132,0,28,1,301,900,"CFP","Airpore Medium 2"
"3606",6,4123.441,6.826,0,43,1,301,900,"CFP","Background"
"3607",1,929.728,48.489,8,117,2,301,900,"RFP","Airpore Old 1"
"3608",2,929.728,81.793,12,255,2,301,900,"RFP","Airpore Old 2"
"3609",3,929.728,34.792,0,146,2,301,900,"RFP","Airpore Old 3"
"3610",4,929.728,64.275,15,255,2,301,900,"RFP","Airpore Medium 1"
"3611",5,929.728,65.368,11,255,2,301,900,"RFP","Airpore Medium 2"
"3612",6,4123.441,64.761,3,255,2,301,900,"RFP","Background"
"3613",1,929.728,4.482,0,27,1,302,903,"CFP","Airpore Old 1"
"3614",2,929.728,7.26,0,38,1,302,903,"CFP","Airpore Old 2"
"3615",3,929.728,3.86,0,20,1,302,903,"CFP","Airpore Old 3"
"3616",4,929.728,7.562,0,42,1,302,903,"CFP","Airpore Medium 1"
"3617",5,929.728,6.088,0,27,1,302,903,"CFP","Airpore Medium 2"
"3618",6,4123.441,6.851,0,52,1,302,903,"CFP","Background"
"3619",1,929.728,48.413,3,113,2,302,903,"RFP","Airpore Old 1"
"3620",2,929.728,82.504,11,255,2,302,903,"RFP","Airpore Old 2"
"3621",3,929.728,35.598,0,137,2,302,903,"RFP","Airpore Old 3"
"3622",4,929.728,64.696,15,255,2,302,903,"RFP","Airpore Medium 1"
"3623",5,929.728,65.857,15,255,2,302,903,"RFP","Airpore Medium 2"
"3624",6,4123.441,65.292,3,255,2,302,903,"RFP","Background"
"3625",1,929.728,4.223,0,27,1,303,906,"CFP","Airpore Old 1"
"3626",2,929.728,7.35,0,51,1,303,906,"CFP","Airpore Old 2"
"3627",3,929.728,4.033,0,20,1,303,906,"CFP","Airpore Old 3"
"3628",4,929.728,7.387,0,37,1,303,906,"CFP","Airpore Medium 1"
"3629",5,929.728,6.091,0,27,1,303,906,"CFP","Airpore Medium 2"
"3630",6,4123.441,6.847,0,42,1,303,906,"CFP","Background"
"3631",1,929.728,48.56,3,119,2,303,906,"RFP","Airpore Old 1"
"3632",2,929.728,82.789,11,255,2,303,906,"RFP","Airpore Old 2"
"3633",3,929.728,35.266,0,115,2,303,906,"RFP","Airpore Old 3"
"3634",4,929.728,64.779,12,255,2,303,906,"RFP","Airpore Medium 1"
"3635",5,929.728,65.705,15,255,2,303,906,"RFP","Airpore Medium 2"
"3636",6,4123.441,64.387,7,255,2,303,906,"RFP","Background"
"3637",1,929.728,4.35,0,23,1,304,909,"CFP","Airpore Old 1"
"3638",2,929.728,7.506,0,35,1,304,909,"CFP","Airpore Old 2"
"3639",3,929.728,4.138,0,20,1,304,909,"CFP","Airpore Old 3"
"3640",4,929.728,7.52,0,31,1,304,909,"CFP","Airpore Medium 1"
"3641",5,929.728,6.146,0,35,1,304,909,"CFP","Airpore Medium 2"
"3642",6,4123.441,6.84,0,45,1,304,909,"CFP","Background"
"3643",1,929.728,48.584,7,120,2,304,909,"RFP","Airpore Old 1"
"3644",2,929.728,82.044,7,255,2,304,909,"RFP","Airpore Old 2"
"3645",3,929.728,35.046,0,123,2,304,909,"RFP","Airpore Old 3"
"3646",4,929.728,64.545,12,255,2,304,909,"RFP","Airpore Medium 1"
"3647",5,929.728,65.556,11,255,2,304,909,"RFP","Airpore Medium 2"
"3648",6,4123.441,64.55,3,255,2,304,909,"RFP","Background"
"3649",1,929.728,4.171,0,44,1,305,912,"CFP","Airpore Old 1"
"3650",2,929.728,7.536,0,43,1,305,912,"CFP","Airpore Old 2"
"3651",3,929.728,3.813,0,27,1,305,912,"CFP","Airpore Old 3"
"3652",4,929.728,7.382,0,40,1,305,912,"CFP","Airpore Medium 1"
"3653",5,929.728,6.213,0,31,1,305,912,"CFP","Airpore Medium 2"
"3654",6,4123.441,6.705,0,51,1,305,912,"CFP","Background"
"3655",1,929.728,48.81,3,111,2,305,912,"RFP","Airpore Old 1"
"3656",2,929.728,82.224,11,253,2,305,912,"RFP","Airpore Old 2"
"3657",3,929.728,35.663,0,126,2,305,912,"RFP","Airpore Old 3"
"3658",4,929.728,64.897,15,255,2,305,912,"RFP","Airpore Medium 1"
"3659",5,929.728,66.949,12,255,2,305,912,"RFP","Airpore Medium 2"
"3660",6,4123.441,64.482,3,255,2,305,912,"RFP","Background"
"3661",1,929.728,4.464,0,31,1,306,915,"CFP","Airpore Old 1"
"3662",2,929.728,7.303,0,39,1,306,915,"CFP","Airpore Old 2"
"3663",3,929.728,3.905,0,23,1,306,915,"CFP","Airpore Old 3"
"3664",4,929.728,7.578,0,35,1,306,915,"CFP","Airpore Medium 1"
"3665",5,929.728,6.255,0,31,1,306,915,"CFP","Airpore Medium 2"
"3666",6,4123.441,6.822,0,46,1,306,915,"CFP","Background"
"3667",1,929.728,47.685,3,112,2,306,915,"RFP","Airpore Old 1"
"3668",2,929.728,83.033,12,255,2,306,915,"RFP","Airpore Old 2"
"3669",3,929.728,35.15,0,133,2,306,915,"RFP","Airpore Old 3"
"3670",4,929.728,64.329,19,255,2,306,915,"RFP","Airpore Medium 1"
"3671",5,929.728,65.938,15,255,2,306,915,"RFP","Airpore Medium 2"
"3672",6,4123.441,64.257,3,255,2,306,915,"RFP","Background"
"3673",1,929.728,4.279,0,27,1,307,918,"CFP","Airpore Old 1"
"3674",2,929.728,7.308,0,43,1,307,918,"CFP","Airpore Old 2"
"3675",3,929.728,4.161,0,23,1,307,918,"CFP","Airpore Old 3"
"3676",4,929.728,7.418,0,38,1,307,918,"CFP","Airpore Medium 1"
"3677",5,929.728,5.981,0,31,1,307,918,"CFP","Airpore Medium 2"
"3678",6,4123.441,6.875,0,39,1,307,918,"CFP","Background"
"3679",1,929.728,48.053,7,120,2,307,918,"RFP","Airpore Old 1"
"3680",2,929.728,82.409,11,255,2,307,918,"RFP","Airpore Old 2"
"3681",3,929.728,35.583,0,140,2,307,918,"RFP","Airpore Old 3"
"3682",4,929.728,64.21,15,255,2,307,918,"RFP","Airpore Medium 1"
"3683",5,929.728,66.055,15,255,2,307,918,"RFP","Airpore Medium 2"
"3684",6,4123.441,64.172,3,255,2,307,918,"RFP","Background"
"3685",1,929.728,4.359,0,32,1,308,921,"CFP","Airpore Old 1"
"3686",2,929.728,7.328,0,36,1,308,921,"CFP","Airpore Old 2"
"3687",3,929.728,3.934,0,23,1,308,921,"CFP","Airpore Old 3"
"3688",4,929.728,7.515,0,34,1,308,921,"CFP","Airpore Medium 1"
"3689",5,929.728,6.055,0,27,1,308,921,"CFP","Airpore Medium 2"
"3690",6,4123.441,6.839,0,43,1,308,921,"CFP","Background"
"3691",1,929.728,48.638,3,130,2,308,921,"RFP","Airpore Old 1"
"3692",2,929.728,81.656,15,255,2,308,921,"RFP","Airpore Old 2"
"3693",3,929.728,34.624,0,156,2,308,921,"RFP","Airpore Old 3"
"3694",4,929.728,64.695,11,255,2,308,921,"RFP","Airpore Medium 1"
"3695",5,929.728,65.56,12,255,2,308,921,"RFP","Airpore Medium 2"
"3696",6,4123.441,64.628,3,255,2,308,921,"RFP","Background"
"3697",1,929.728,4.204,0,39,1,309,924,"CFP","Airpore Old 1"
"3698",2,929.728,7.174,0,43,1,309,924,"CFP","Airpore Old 2"
"3699",3,929.728,3.865,0,23,1,309,924,"CFP","Airpore Old 3"
"3700",4,929.728,7.793,0,27,1,309,924,"CFP","Airpore Medium 1"
"3701",5,929.728,5.999,0,31,1,309,924,"CFP","Airpore Medium 2"
"3702",6,4123.441,6.703,0,43,1,309,924,"CFP","Background"
"3703",1,929.728,47.202,8,116,2,309,924,"RFP","Airpore Old 1"
"3704",2,929.728,83.017,15,255,2,309,924,"RFP","Airpore Old 2"
"3705",3,929.728,35.569,0,120,2,309,924,"RFP","Airpore Old 3"
"3706",4,929.728,64.536,15,255,2,309,924,"RFP","Airpore Medium 1"
"3707",5,929.728,64.899,7,255,2,309,924,"RFP","Airpore Medium 2"
"3708",6,4123.441,64.326,3,255,2,309,924,"RFP","Background"
"3709",1,929.728,4.437,0,31,1,310,927,"CFP","Airpore Old 1"
"3710",2,929.728,7.329,0,43,1,310,927,"CFP","Airpore Old 2"
"3711",3,929.728,3.925,0,27,1,310,927,"CFP","Airpore Old 3"
"3712",4,929.728,7.735,0,31,1,310,927,"CFP","Airpore Medium 1"
"3713",5,929.728,6.239,0,31,1,310,927,"CFP","Airpore Medium 2"
"3714",6,4123.441,6.702,0,39,1,310,927,"CFP","Background"
"3715",1,929.728,48.252,7,112,2,310,927,"RFP","Airpore Old 1"
"3716",2,929.728,82.119,15,255,2,310,927,"RFP","Airpore Old 2"
"3717",3,929.728,35.149,3,130,2,310,927,"RFP","Airpore Old 3"
"3718",4,929.728,64.368,19,255,2,310,927,"RFP","Airpore Medium 1"
"3719",5,929.728,65.951,15,255,2,310,927,"RFP","Airpore Medium 2"
"3720",6,4123.441,63.944,3,255,2,310,927,"RFP","Background"
"3721",1,929.728,4.227,0,24,1,311,930,"CFP","Airpore Old 1"
"3722",2,929.728,7.248,0,34,1,311,930,"CFP","Airpore Old 2"
"3723",3,929.728,4.095,0,20,1,311,930,"CFP","Airpore Old 3"
"3724",4,929.728,7.552,0,35,1,311,930,"CFP","Airpore Medium 1"
"3725",5,929.728,6.385,0,32,1,311,930,"CFP","Airpore Medium 2"
"3726",6,4123.441,6.754,0,46,1,311,930,"CFP","Background"
"3727",1,929.728,47.824,8,110,2,311,930,"RFP","Airpore Old 1"
"3728",2,929.728,82.289,8,255,2,311,930,"RFP","Airpore Old 2"
"3729",3,929.728,34.845,3,116,2,311,930,"RFP","Airpore Old 3"
"3730",4,929.728,65.269,19,255,2,311,930,"RFP","Airpore Medium 1"
"3731",5,929.728,65.907,11,255,2,311,930,"RFP","Airpore Medium 2"
"3732",6,4123.441,63.96,3,255,2,311,930,"RFP","Background"
"3733",1,929.728,4.372,0,27,1,312,933,"CFP","Airpore Old 1"
"3734",2,929.728,7.248,0,38,1,312,933,"CFP","Airpore Old 2"
"3735",3,929.728,3.915,0,23,1,312,933,"CFP","Airpore Old 3"
"3736",4,929.728,7.528,0,31,1,312,933,"CFP","Airpore Medium 1"
"3737",5,929.728,6.11,0,31,1,312,933,"CFP","Airpore Medium 2"
"3738",6,4123.441,6.693,0,40,1,312,933,"CFP","Background"
"3739",1,929.728,47.028,0,118,2,312,933,"RFP","Airpore Old 1"
"3740",2,929.728,82.295,7,255,2,312,933,"RFP","Airpore Old 2"
"3741",3,929.728,34.522,3,100,2,312,933,"RFP","Airpore Old 3"
"3742",4,929.728,64.888,15,255,2,312,933,"RFP","Airpore Medium 1"
"3743",5,929.728,65.986,11,255,2,312,933,"RFP","Airpore Medium 2"
"3744",6,4123.441,63.615,3,255,2,312,933,"RFP","Background"
"3745",1,929.728,4.268,0,27,1,313,936,"CFP","Airpore Old 1"
"3746",2,929.728,7.367,0,39,1,313,936,"CFP","Airpore Old 2"
"3747",3,929.728,3.972,0,23,1,313,936,"CFP","Airpore Old 3"
"3748",4,929.728,7.575,0,31,1,313,936,"CFP","Airpore Medium 1"
"3749",5,929.728,6.169,0,27,1,313,936,"CFP","Airpore Medium 2"
"3750",6,4123.441,6.74,0,43,1,313,936,"CFP","Background"
"3751",1,929.728,46.888,3,127,2,313,936,"RFP","Airpore Old 1"
"3752",2,929.728,82.038,11,255,2,313,936,"RFP","Airpore Old 2"
"3753",3,929.728,34.822,3,127,2,313,936,"RFP","Airpore Old 3"
"3754",4,929.728,64.625,15,255,2,313,936,"RFP","Airpore Medium 1"
"3755",5,929.728,65.694,15,255,2,313,936,"RFP","Airpore Medium 2"
"3756",6,4123.441,63.019,3,255,2,313,936,"RFP","Background"
"3757",1,929.728,4.208,0,23,1,314,939,"CFP","Airpore Old 1"
"3758",2,929.728,7.3,0,39,1,314,939,"CFP","Airpore Old 2"
"3759",3,929.728,3.912,0,41,1,314,939,"CFP","Airpore Old 3"
"3760",4,929.728,7.569,0,57,1,314,939,"CFP","Airpore Medium 1"
"3761",5,929.728,6.034,0,34,1,314,939,"CFP","Airpore Medium 2"
"3762",6,4123.441,6.651,0,40,1,314,939,"CFP","Background"
"3763",1,929.728,47.163,0,115,2,314,939,"RFP","Airpore Old 1"
"3764",2,929.728,82.843,12,230,2,314,939,"RFP","Airpore Old 2"
"3765",3,929.728,35.069,3,130,2,314,939,"RFP","Airpore Old 3"
"3766",4,929.728,64.621,15,255,2,314,939,"RFP","Airpore Medium 1"
"3767",5,929.728,66.456,15,255,2,314,939,"RFP","Airpore Medium 2"
"3768",6,4123.441,63.253,3,255,2,314,939,"RFP","Background"
"3769",1,929.728,4.35,0,24,1,315,942,"CFP","Airpore Old 1"
"3770",2,929.728,7.153,0,35,1,315,942,"CFP","Airpore Old 2"
"3771",3,929.728,3.807,0,23,1,315,942,"CFP","Airpore Old 3"
"3772",4,929.728,7.504,0,35,1,315,942,"CFP","Airpore Medium 1"
"3773",5,929.728,5.919,0,31,1,315,942,"CFP","Airpore Medium 2"
"3774",6,4123.441,6.616,0,39,1,315,942,"CFP","Background"
"3775",1,929.728,46.675,7,166,2,315,942,"RFP","Airpore Old 1"
"3776",2,929.728,81.92,12,230,2,315,942,"RFP","Airpore Old 2"
"3777",3,929.728,34.325,3,118,2,315,942,"RFP","Airpore Old 3"
"3778",4,929.728,64.467,15,255,2,315,942,"RFP","Airpore Medium 1"
"3779",5,929.728,65.075,12,255,2,315,942,"RFP","Airpore Medium 2"
"3780",6,4123.441,62.754,3,255,2,315,942,"RFP","Background"
"3781",1,929.728,4.271,0,34,1,316,945,"CFP","Airpore Old 1"
"3782",2,929.728,7.359,0,43,1,316,945,"CFP","Airpore Old 2"
"3783",3,929.728,3.881,0,24,1,316,945,"CFP","Airpore Old 3"
"3784",4,929.728,7.504,0,38,1,316,945,"CFP","Airpore Medium 1"
"3785",5,929.728,6.178,0,31,1,316,945,"CFP","Airpore Medium 2"
"3786",6,4123.441,6.594,0,62,1,316,945,"CFP","Background"
"3787",1,929.728,46.777,3,123,2,316,945,"RFP","Airpore Old 1"
"3788",2,929.728,83.032,11,255,2,316,945,"RFP","Airpore Old 2"
"3789",3,929.728,34.389,0,111,2,316,945,"RFP","Airpore Old 3"
"3790",4,929.728,64.531,11,255,2,316,945,"RFP","Airpore Medium 1"
"3791",5,929.728,65.954,15,255,2,316,945,"RFP","Airpore Medium 2"
"3792",6,4123.441,63.116,7,255,2,316,945,"RFP","Background"
"3793",1,929.728,4.156,0,27,1,317,948,"CFP","Airpore Old 1"
"3794",2,929.728,7.307,0,43,1,317,948,"CFP","Airpore Old 2"
"3795",3,929.728,3.866,0,23,1,317,948,"CFP","Airpore Old 3"
"3796",4,929.728,7.527,0,32,1,317,948,"CFP","Airpore Medium 1"
"3797",5,929.728,6.137,0,32,1,317,948,"CFP","Airpore Medium 2"
"3798",6,4123.441,6.576,0,39,1,317,948,"CFP","Background"
"3799",1,929.728,47.347,3,115,2,317,948,"RFP","Airpore Old 1"
"3800",2,929.728,82.544,7,255,2,317,948,"RFP","Airpore Old 2"
"3801",3,929.728,34.724,3,127,2,317,948,"RFP","Airpore Old 3"
"3802",4,929.728,65.326,15,255,2,317,948,"RFP","Airpore Medium 1"
"3803",5,929.728,66.22,15,255,2,317,948,"RFP","Airpore Medium 2"
"3804",6,4123.441,63.028,3,255,2,317,948,"RFP","Background"
"3805",1,929.728,4.224,0,27,1,318,951,"CFP","Airpore Old 1"
"3806",2,929.728,7.266,0,43,1,318,951,"CFP","Airpore Old 2"
"3807",3,929.728,3.911,0,28,1,318,951,"CFP","Airpore Old 3"
"3808",4,929.728,7.55,0,46,1,318,951,"CFP","Airpore Medium 1"
"3809",5,929.728,6.056,0,35,1,318,951,"CFP","Airpore Medium 2"
"3810",6,4123.441,6.683,0,43,1,318,951,"CFP","Background"
"3811",1,929.728,47.271,7,112,2,318,951,"RFP","Airpore Old 1"
"3812",2,929.728,82.951,12,255,2,318,951,"RFP","Airpore Old 2"
"3813",3,929.728,34.91,3,111,2,318,951,"RFP","Airpore Old 3"
"3814",4,929.728,65.407,15,255,2,318,951,"RFP","Airpore Medium 1"
"3815",5,929.728,66.1,7,255,2,318,951,"RFP","Airpore Medium 2"
"3816",6,4123.441,63.285,7,255,2,318,951,"RFP","Background"
"3817",1,929.728,4.2,0,24,1,319,954,"CFP","Airpore Old 1"
"3818",2,929.728,7.347,0,38,1,319,954,"CFP","Airpore Old 2"
"3819",3,929.728,3.802,0,24,1,319,954,"CFP","Airpore Old 3"
"3820",4,929.728,7.3,0,39,1,319,954,"CFP","Airpore Medium 1"
"3821",5,929.728,6.192,0,36,1,319,954,"CFP","Airpore Medium 2"
"3822",6,4123.441,6.631,0,42,1,319,954,"CFP","Background"
"3823",1,929.728,46.951,8,104,2,319,954,"RFP","Airpore Old 1"
"3824",2,929.728,83.116,15,255,2,319,954,"RFP","Airpore Old 2"
"3825",3,929.728,34.756,3,131,2,319,954,"RFP","Airpore Old 3"
"3826",4,929.728,65.684,15,255,2,319,954,"RFP","Airpore Medium 1"
"3827",5,929.728,65.943,15,255,2,319,954,"RFP","Airpore Medium 2"
"3828",6,4123.441,63.092,7,255,2,319,954,"RFP","Background"
"3829",1,929.728,4.18,0,24,1,320,957,"CFP","Airpore Old 1"
"3830",2,929.728,7.333,0,47,1,320,957,"CFP","Airpore Old 2"
"3831",3,929.728,3.764,0,25,1,320,957,"CFP","Airpore Old 3"
"3832",4,929.728,7.419,0,38,1,320,957,"CFP","Airpore Medium 1"
"3833",5,929.728,6.125,0,27,1,320,957,"CFP","Airpore Medium 2"
"3834",6,4123.441,6.584,0,38,1,320,957,"CFP","Background"
"3835",1,929.728,47.246,7,111,2,320,957,"RFP","Airpore Old 1"
"3836",2,929.728,82.546,8,255,2,320,957,"RFP","Airpore Old 2"
"3837",3,929.728,35.376,3,147,2,320,957,"RFP","Airpore Old 3"
"3838",4,929.728,64.862,11,255,2,320,957,"RFP","Airpore Medium 1"
"3839",5,929.728,65.126,11,255,2,320,957,"RFP","Airpore Medium 2"
"3840",6,4123.441,63.182,3,255,2,320,957,"RFP","Background"
"3841",1,929.728,4.229,0,26,1,321,960,"CFP","Airpore Old 1"
"3842",2,929.728,7.507,0,42,1,321,960,"CFP","Airpore Old 2"
"3843",3,929.728,3.91,0,23,1,321,960,"CFP","Airpore Old 3"
"3844",4,929.728,7.546,0,33,1,321,960,"CFP","Airpore Medium 1"
"3845",5,929.728,5.895,0,27,1,321,960,"CFP","Airpore Medium 2"
"3846",6,4123.441,6.61,0,39,1,321,960,"CFP","Background"
"3847",1,929.728,47.324,7,189,2,321,960,"RFP","Airpore Old 1"
"3848",2,929.728,83.313,12,255,2,321,960,"RFP","Airpore Old 2"
"3849",3,929.728,35.487,0,139,2,321,960,"RFP","Airpore Old 3"
"3850",4,929.728,65.513,12,255,2,321,960,"RFP","Airpore Medium 1"
"3851",5,929.728,65.759,7,255,2,321,960,"RFP","Airpore Medium 2"
"3852",6,4123.441,62.973,3,255,2,321,960,"RFP","Background"
"3853",1,929.728,4.138,0,27,1,322,963,"CFP","Airpore Old 1"
"3854",2,929.728,7.326,0,38,1,322,963,"CFP","Airpore Old 2"
"3855",3,929.728,3.829,0,27,1,322,963,"CFP","Airpore Old 3"
"3856",4,929.728,7.577,0,35,1,322,963,"CFP","Airpore Medium 1"
"3857",5,929.728,6.061,0,28,1,322,963,"CFP","Airpore Medium 2"
"3858",6,4123.441,6.698,0,56,1,322,963,"CFP","Background"
"3859",1,929.728,47.284,7,115,2,322,963,"RFP","Airpore Old 1"
"3860",2,929.728,83.219,7,255,2,322,963,"RFP","Airpore Old 2"
"3861",3,929.728,33.911,0,110,2,322,963,"RFP","Airpore Old 3"
"3862",4,929.728,65.473,12,255,2,322,963,"RFP","Airpore Medium 1"
"3863",5,929.728,65.884,11,255,2,322,963,"RFP","Airpore Medium 2"
"3864",6,4123.441,62.713,7,255,2,322,963,"RFP","Background"
"3865",1,929.728,4.146,0,31,1,323,966,"CFP","Airpore Old 1"
"3866",2,929.728,7.206,0,35,1,323,966,"CFP","Airpore Old 2"
"3867",3,929.728,3.802,0,24,1,323,966,"CFP","Airpore Old 3"
"3868",4,929.728,7.833,0,51,1,323,966,"CFP","Airpore Medium 1"
"3869",5,929.728,6.004,0,31,1,323,966,"CFP","Airpore Medium 2"
"3870",6,4123.441,6.608,0,43,1,323,966,"CFP","Background"
"3871",1,929.728,47.121,7,130,2,323,966,"RFP","Airpore Old 1"
"3872",2,929.728,82.84,11,255,2,323,966,"RFP","Airpore Old 2"
"3873",3,929.728,34.02,0,131,2,323,966,"RFP","Airpore Old 3"
"3874",4,929.728,65.845,11,255,2,323,966,"RFP","Airpore Medium 1"
"3875",5,929.728,65.996,11,255,2,323,966,"RFP","Airpore Medium 2"
"3876",6,4123.441,62.787,3,255,2,323,966,"RFP","Background"
"3877",1,929.728,4.21,0,20,1,324,969,"CFP","Airpore Old 1"
"3878",2,929.728,7.354,0,43,1,324,969,"CFP","Airpore Old 2"
"3879",3,929.728,3.905,0,35,1,324,969,"CFP","Airpore Old 3"
"3880",4,929.728,7.556,0,47,1,324,969,"CFP","Airpore Medium 1"
"3881",5,929.728,6.242,0,27,1,324,969,"CFP","Airpore Medium 2"
"3882",6,4123.441,6.741,0,39,1,324,969,"CFP","Background"
"3883",1,929.728,46.647,7,107,2,324,969,"RFP","Airpore Old 1"
"3884",2,929.728,82.511,11,255,2,324,969,"RFP","Airpore Old 2"
"3885",3,929.728,34.451,0,171,2,324,969,"RFP","Airpore Old 3"
"3886",4,929.728,65.996,15,255,2,324,969,"RFP","Airpore Medium 1"
"3887",5,929.728,66.072,8,255,2,324,969,"RFP","Airpore Medium 2"
"3888",6,4123.441,62.6,3,255,2,324,969,"RFP","Background"
"3889",1,929.728,4.151,0,24,1,325,972,"CFP","Airpore Old 1"
"3890",2,929.728,7.369,0,44,1,325,972,"CFP","Airpore Old 2"
"3891",3,929.728,3.895,0,25,1,325,972,"CFP","Airpore Old 3"
"3892",4,929.728,7.4,0,35,1,325,972,"CFP","Airpore Medium 1"
"3893",5,929.728,5.961,0,28,1,325,972,"CFP","Airpore Medium 2"
"3894",6,4123.441,6.551,0,40,1,325,972,"CFP","Background"
"3895",1,929.728,47.101,7,120,2,325,972,"RFP","Airpore Old 1"
"3896",2,929.728,82.474,8,255,2,325,972,"RFP","Airpore Old 2"
"3897",3,929.728,34.35,0,104,2,325,972,"RFP","Airpore Old 3"
"3898",4,929.728,65.578,15,255,2,325,972,"RFP","Airpore Medium 1"
"3899",5,929.728,65.614,7,255,2,325,972,"RFP","Airpore Medium 2"
"3900",6,4123.441,62.54,3,255,2,325,972,"RFP","Background"
"3901",1,929.728,4.163,0,27,1,326,975,"CFP","Airpore Old 1"
"3902",2,929.728,7.269,0,35,1,326,975,"CFP","Airpore Old 2"
"3903",3,929.728,3.752,0,23,1,326,975,"CFP","Airpore Old 3"
"3904",4,929.728,7.502,0,43,1,326,975,"CFP","Airpore Medium 1"
"3905",5,929.728,6.044,0,27,1,326,975,"CFP","Airpore Medium 2"
"3906",6,4123.441,6.653,0,39,1,326,975,"CFP","Background"
"3907",1,929.728,46.543,7,127,2,326,975,"RFP","Airpore Old 1"
"3908",2,929.728,83.373,12,255,2,326,975,"RFP","Airpore Old 2"
"3909",3,929.728,34.108,3,111,2,326,975,"RFP","Airpore Old 3"
"3910",4,929.728,65.768,11,255,2,326,975,"RFP","Airpore Medium 1"
"3911",5,929.728,66.09,12,255,2,326,975,"RFP","Airpore Medium 2"
"3912",6,4123.441,62.36,3,255,2,326,975,"RFP","Background"
"3913",1,929.728,4.176,0,27,1,327,978,"CFP","Airpore Old 1"
"3914",2,929.728,7.367,0,38,1,327,978,"CFP","Airpore Old 2"
"3915",3,929.728,3.978,0,24,1,327,978,"CFP","Airpore Old 3"
"3916",4,929.728,7.366,0,27,1,327,978,"CFP","Airpore Medium 1"
"3917",5,929.728,5.999,0,27,1,327,978,"CFP","Airpore Medium 2"
"3918",6,4123.441,6.585,0,39,1,327,978,"CFP","Background"
"3919",1,929.728,46.457,7,116,2,327,978,"RFP","Airpore Old 1"
"3920",2,929.728,82.274,7,255,2,327,978,"RFP","Airpore Old 2"
"3921",3,929.728,34.756,0,124,2,327,978,"RFP","Airpore Old 3"
"3922",4,929.728,65,11,255,2,327,978,"RFP","Airpore Medium 1"
"3923",5,929.728,65.727,11,255,2,327,978,"RFP","Airpore Medium 2"
"3924",6,4123.441,62.055,3,255,2,327,978,"RFP","Background"
"3925",1,929.728,4.266,0,27,1,328,981,"CFP","Airpore Old 1"
"3926",2,929.728,7.345,0,35,1,328,981,"CFP","Airpore Old 2"
"3927",3,929.728,4.023,0,40,1,328,981,"CFP","Airpore Old 3"
"3928",4,929.728,7.347,0,28,1,328,981,"CFP","Airpore Medium 1"
"3929",5,929.728,6.101,0,31,1,328,981,"CFP","Airpore Medium 2"
"3930",6,4123.441,6.709,0,35,1,328,981,"CFP","Background"
"3931",1,929.728,45.951,3,108,2,328,981,"RFP","Airpore Old 1"
"3932",2,929.728,82.214,7,255,2,328,981,"RFP","Airpore Old 2"
"3933",3,929.728,33.929,3,103,2,328,981,"RFP","Airpore Old 3"
"3934",4,929.728,64.724,15,255,2,328,981,"RFP","Airpore Medium 1"
"3935",5,929.728,67.097,11,255,2,328,981,"RFP","Airpore Medium 2"
"3936",6,4123.441,61.851,3,255,2,328,981,"RFP","Background"
"3937",1,929.728,4.375,0,23,1,329,984,"CFP","Airpore Old 1"
"3938",2,929.728,7.298,0,44,1,329,984,"CFP","Airpore Old 2"
"3939",3,929.728,3.68,0,41,1,329,984,"CFP","Airpore Old 3"
"3940",4,929.728,7.619,0,32,1,329,984,"CFP","Airpore Medium 1"
"3941",5,929.728,6.109,0,31,1,329,984,"CFP","Airpore Medium 2"
"3942",6,4123.441,6.638,0,65,1,329,984,"CFP","Background"
"3943",1,929.728,45.504,7,144,2,329,984,"RFP","Airpore Old 1"
"3944",2,929.728,82.236,7,255,2,329,984,"RFP","Airpore Old 2"
"3945",3,929.728,34.747,3,107,2,329,984,"RFP","Airpore Old 3"
"3946",4,929.728,65.295,15,255,2,329,984,"RFP","Airpore Medium 1"
"3947",5,929.728,66.529,11,255,2,329,984,"RFP","Airpore Medium 2"
"3948",6,4123.441,62.15,7,255,2,329,984,"RFP","Background"
"3949",1,929.728,3.988,0,31,1,330,987,"CFP","Airpore Old 1"
"3950",2,929.728,7.337,0,35,1,330,987,"CFP","Airpore Old 2"
"3951",3,929.728,3.875,0,28,1,330,987,"CFP","Airpore Old 3"
"3952",4,929.728,7.467,0,31,1,330,987,"CFP","Airpore Medium 1"
"3953",5,929.728,6.066,0,31,1,330,987,"CFP","Airpore Medium 2"
"3954",6,4123.441,6.576,0,34,1,330,987,"CFP","Background"
"3955",1,929.728,46.547,7,119,2,330,987,"RFP","Airpore Old 1"
"3956",2,929.728,82.375,7,255,2,330,987,"RFP","Airpore Old 2"
"3957",3,929.728,34.012,3,128,2,330,987,"RFP","Airpore Old 3"
"3958",4,929.728,65.47,15,255,2,330,987,"RFP","Airpore Medium 1"
"3959",5,929.728,65.972,15,255,2,330,987,"RFP","Airpore Medium 2"
"3960",6,4123.441,61.871,0,255,2,330,987,"RFP","Background"
"3961",1,929.728,4.041,0,27,1,331,990,"CFP","Airpore Old 1"
"3962",2,929.728,7.059,0,42,1,331,990,"CFP","Airpore Old 2"
"3963",3,929.728,3.978,0,24,1,331,990,"CFP","Airpore Old 3"
"3964",4,929.728,7.511,0,31,1,331,990,"CFP","Airpore Medium 1"
"3965",5,929.728,6.075,0,27,1,331,990,"CFP","Airpore Medium 2"
"3966",6,4123.441,6.562,0,39,1,331,990,"CFP","Background"
"3967",1,929.728,45.773,7,116,2,331,990,"RFP","Airpore Old 1"
"3968",2,929.728,82.633,11,255,2,331,990,"RFP","Airpore Old 2"
"3969",3,929.728,33.742,0,123,2,331,990,"RFP","Airpore Old 3"
"3970",4,929.728,65.928,15,255,2,331,990,"RFP","Airpore Medium 1"
"3971",5,929.728,66.159,7,255,2,331,990,"RFP","Airpore Medium 2"
"3972",6,4123.441,61.749,3,255,2,331,990,"RFP","Background"
"3973",1,929.728,4.203,0,27,1,332,993,"CFP","Airpore Old 1"
"3974",2,929.728,7.004,0,46,1,332,993,"CFP","Airpore Old 2"
"3975",3,929.728,3.956,0,27,1,332,993,"CFP","Airpore Old 3"
"3976",4,929.728,7.402,0,34,1,332,993,"CFP","Airpore Medium 1"
"3977",5,929.728,6.089,0,27,1,332,993,"CFP","Airpore Medium 2"
"3978",6,4123.441,6.486,0,47,1,332,993,"CFP","Background"
"3979",1,929.728,46.382,7,136,2,332,993,"RFP","Airpore Old 1"
"3980",2,929.728,83.092,15,255,2,332,993,"RFP","Airpore Old 2"
"3981",3,929.728,34.905,0,131,2,332,993,"RFP","Airpore Old 3"
"3982",4,929.728,65.71,11,255,2,332,993,"RFP","Airpore Medium 1"
"3983",5,929.728,66.273,8,255,2,332,993,"RFP","Airpore Medium 2"
"3984",6,4123.441,61.879,7,255,2,332,993,"RFP","Background"
"3985",1,929.728,4.05,0,32,1,333,996,"CFP","Airpore Old 1"
"3986",2,929.728,7.239,0,35,1,333,996,"CFP","Airpore Old 2"
"3987",3,929.728,3.842,0,41,1,333,996,"CFP","Airpore Old 3"
"3988",4,929.728,7.494,0,43,1,333,996,"CFP","Airpore Medium 1"
"3989",5,929.728,6.012,0,30,1,333,996,"CFP","Airpore Medium 2"
"3990",6,4123.441,6.497,0,43,1,333,996,"CFP","Background"
"3991",1,929.728,45.07,3,116,2,333,996,"RFP","Airpore Old 1"
"3992",2,929.728,84.038,8,255,2,333,996,"RFP","Airpore Old 2"
"3993",3,929.728,34.595,0,137,2,333,996,"RFP","Airpore Old 3"
"3994",4,929.728,65.564,12,255,2,333,996,"RFP","Airpore Medium 1"
"3995",5,929.728,66.459,7,255,2,333,996,"RFP","Airpore Medium 2"
"3996",6,4123.441,62.065,3,255,2,333,996,"RFP","Background"
"3997",1,929.728,3.98,0,19,1,334,999,"CFP","Airpore Old 1"
"3998",2,929.728,7.17,0,43,1,334,999,"CFP","Airpore Old 2"
"3999",3,929.728,3.767,0,33,1,334,999,"CFP","Airpore Old 3"
"4000",4,929.728,7.468,0,35,1,334,999,"CFP","Airpore Medium 1"
"4001",5,929.728,6.206,0,48,1,334,999,"CFP","Airpore Medium 2"
"4002",6,4123.441,6.557,0,39,1,334,999,"CFP","Background"
"4003",1,929.728,45.656,7,102,2,334,999,"RFP","Airpore Old 1"
"4004",2,929.728,83.446,11,255,2,334,999,"RFP","Airpore Old 2"
"4005",3,929.728,34.578,3,115,2,334,999,"RFP","Airpore Old 3"
"4006",4,929.728,65.972,12,255,2,334,999,"RFP","Airpore Medium 1"
"4007",5,929.728,66.53,15,255,2,334,999,"RFP","Airpore Medium 2"
"4008",6,4123.441,61.841,3,255,2,334,999,"RFP","Background"
"4009",1,929.728,4.154,0,23,1,335,1002,"CFP","Airpore Old 1"
"4010",2,929.728,7.389,0,39,1,335,1002,"CFP","Airpore Old 2"
"4011",3,929.728,3.77,0,24,1,335,1002,"CFP","Airpore Old 3"
"4012",4,929.728,7.475,0,34,1,335,1002,"CFP","Airpore Medium 1"
"4013",5,929.728,6.286,0,31,1,335,1002,"CFP","Airpore Medium 2"
"4014",6,4123.441,6.458,0,35,1,335,1002,"CFP","Background"
"4015",1,929.728,45.744,3,129,2,335,1002,"RFP","Airpore Old 1"
"4016",2,929.728,83.585,11,255,2,335,1002,"RFP","Airpore Old 2"
"4017",3,929.728,34.339,3,132,2,335,1002,"RFP","Airpore Old 3"
"4018",4,929.728,65.37,12,255,2,335,1002,"RFP","Airpore Medium 1"
"4019",5,929.728,66.231,7,255,2,335,1002,"RFP","Airpore Medium 2"
"4020",6,4123.441,61.398,3,255,2,335,1002,"RFP","Background"
"4021",1,929.728,4.163,0,27,1,336,1005,"CFP","Airpore Old 1"
"4022",2,929.728,7.518,0,36,1,336,1005,"CFP","Airpore Old 2"
"4023",3,929.728,3.952,0,20,1,336,1005,"CFP","Airpore Old 3"
"4024",4,929.728,7.41,0,34,1,336,1005,"CFP","Airpore Medium 1"
"4025",5,929.728,5.917,0,27,1,336,1005,"CFP","Airpore Medium 2"
"4026",6,4123.441,6.544,0,52,1,336,1005,"CFP","Background"
"4027",1,929.728,45.823,3,115,2,336,1005,"RFP","Airpore Old 1"
"4028",2,929.728,83.022,11,255,2,336,1005,"RFP","Airpore Old 2"
"4029",3,929.728,34.06,3,126,2,336,1005,"RFP","Airpore Old 3"
"4030",4,929.728,66.151,12,255,2,336,1005,"RFP","Airpore Medium 1"
"4031",5,929.728,66.172,15,255,2,336,1005,"RFP","Airpore Medium 2"
"4032",6,4123.441,61.41,3,255,2,336,1005,"RFP","Background"
"4033",1,929.728,3.952,0,23,1,337,1008,"CFP","Airpore Old 1"
"4034",2,929.728,7.76,0,46,1,337,1008,"CFP","Airpore Old 2"
"4035",3,929.728,3.872,0,24,1,337,1008,"CFP","Airpore Old 3"
"4036",4,929.728,7.638,0,31,1,337,1008,"CFP","Airpore Medium 1"
"4037",5,929.728,6.118,0,31,1,337,1008,"CFP","Airpore Medium 2"
"4038",6,4123.441,6.448,0,40,1,337,1008,"CFP","Background"
"4039",1,929.728,45.993,7,161,2,337,1008,"RFP","Airpore Old 1"
"4040",2,929.728,82.731,11,255,2,337,1008,"RFP","Airpore Old 2"
"4041",3,929.728,34.57,0,110,2,337,1008,"RFP","Airpore Old 3"
"4042",4,929.728,65.74,15,255,2,337,1008,"RFP","Airpore Medium 1"
"4043",5,929.728,66.277,8,255,2,337,1008,"RFP","Airpore Medium 2"
"4044",6,4123.441,61.605,3,255,2,337,1008,"RFP","Background"
"4045",1,929.728,4.061,0,23,1,338,1011,"CFP","Airpore Old 1"
"4046",2,929.728,7.08,0,35,1,338,1011,"CFP","Airpore Old 2"
"4047",3,929.728,3.936,0,23,1,338,1011,"CFP","Airpore Old 3"
"4048",4,929.728,7.811,0,31,1,338,1011,"CFP","Airpore Medium 1"
"4049",5,929.728,6.029,0,31,1,338,1011,"CFP","Airpore Medium 2"
"4050",6,4123.441,6.482,0,35,1,338,1011,"CFP","Background"
"4051",1,929.728,45.145,7,107,2,338,1011,"RFP","Airpore Old 1"
"4052",2,929.728,83.258,12,255,2,338,1011,"RFP","Airpore Old 2"
"4053",3,929.728,33.774,0,110,2,338,1011,"RFP","Airpore Old 3"
"4054",4,929.728,66.143,15,255,2,338,1011,"RFP","Airpore Medium 1"
"4055",5,929.728,66.651,12,255,2,338,1011,"RFP","Airpore Medium 2"
"4056",6,4123.441,61.257,7,255,2,338,1011,"RFP","Background"
"4057",1,929.728,4.006,0,24,1,339,1014,"CFP","Airpore Old 1"
"4058",2,929.728,7.08,0,40,1,339,1014,"CFP","Airpore Old 2"
"4059",3,929.728,3.862,0,27,1,339,1014,"CFP","Airpore Old 3"
"4060",4,929.728,7.581,0,48,1,339,1014,"CFP","Airpore Medium 1"
"4061",5,929.728,6.117,0,27,1,339,1014,"CFP","Airpore Medium 2"
"4062",6,4123.441,6.525,0,53,1,339,1014,"CFP","Background"
"4063",1,929.728,45.477,8,112,2,339,1014,"RFP","Airpore Old 1"
"4064",2,929.728,82.611,12,255,2,339,1014,"RFP","Airpore Old 2"
"4065",3,929.728,34.496,0,111,2,339,1014,"RFP","Airpore Old 3"
"4066",4,929.728,66.362,15,255,2,339,1014,"RFP","Airpore Medium 1"
"4067",5,929.728,65.676,11,255,2,339,1014,"RFP","Airpore Medium 2"
"4068",6,4123.441,61.434,3,255,2,339,1014,"RFP","Background"
"4069",1,929.728,3.889,0,20,1,340,1017,"CFP","Airpore Old 1"
"4070",2,929.728,7.193,0,36,1,340,1017,"CFP","Airpore Old 2"
"4071",3,929.728,3.83,0,20,1,340,1017,"CFP","Airpore Old 3"
"4072",4,929.728,7.29,0,35,1,340,1017,"CFP","Airpore Medium 1"
"4073",5,929.728,6.111,0,39,1,340,1017,"CFP","Airpore Medium 2"
"4074",6,4123.441,6.384,0,43,1,340,1017,"CFP","Background"
"4075",1,929.728,45.834,7,108,2,340,1017,"RFP","Airpore Old 1"
"4076",2,929.728,82.858,11,255,2,340,1017,"RFP","Airpore Old 2"
"4077",3,929.728,34.359,3,111,2,340,1017,"RFP","Airpore Old 3"
"4078",4,929.728,65.824,19,255,2,340,1017,"RFP","Airpore Medium 1"
"4079",5,929.728,66.029,7,255,2,340,1017,"RFP","Airpore Medium 2"
"4080",6,4123.441,60.949,3,255,2,340,1017,"RFP","Background"
"4081",1,929.728,4.087,0,24,1,341,1020,"CFP","Airpore Old 1"
"4082",2,929.728,7.346,0,31,1,341,1020,"CFP","Airpore Old 2"
"4083",3,929.728,3.834,0,24,1,341,1020,"CFP","Airpore Old 3"
"4084",4,929.728,7.418,0,31,1,341,1020,"CFP","Airpore Medium 1"
"4085",5,929.728,6.05,0,28,1,341,1020,"CFP","Airpore Medium 2"
"4086",6,4123.441,6.513,0,35,1,341,1020,"CFP","Background"
"4087",1,929.728,44.93,3,107,2,341,1020,"RFP","Airpore Old 1"
"4088",2,929.728,83.366,12,255,2,341,1020,"RFP","Airpore Old 2"
"4089",3,929.728,34.032,0,117,2,341,1020,"RFP","Airpore Old 3"
"4090",4,929.728,66.362,12,255,2,341,1020,"RFP","Airpore Medium 1"
"4091",5,929.728,66.23,11,255,2,341,1020,"RFP","Airpore Medium 2"
"4092",6,4123.441,60.88,3,255,2,341,1020,"RFP","Background"
"4093",1,929.728,3.995,0,27,1,342,1023,"CFP","Airpore Old 1"
"4094",2,929.728,7.439,0,42,1,342,1023,"CFP","Airpore Old 2"
"4095",3,929.728,3.769,0,42,1,342,1023,"CFP","Airpore Old 3"
"4096",4,929.728,7.59,0,38,1,342,1023,"CFP","Airpore Medium 1"
"4097",5,929.728,6.102,0,32,1,342,1023,"CFP","Airpore Medium 2"
"4098",6,4123.441,6.504,0,39,1,342,1023,"CFP","Background"
"4099",1,929.728,45.156,8,101,2,342,1023,"RFP","Airpore Old 1"
"4100",2,929.728,82.177,15,255,2,342,1023,"RFP","Airpore Old 2"
"4101",3,929.728,33.951,3,114,2,342,1023,"RFP","Airpore Old 3"
"4102",4,929.728,65.648,8,255,2,342,1023,"RFP","Airpore Medium 1"
"4103",5,929.728,65.845,11,255,2,342,1023,"RFP","Airpore Medium 2"
"4104",6,4123.441,60.71,3,255,2,342,1023,"RFP","Background"
"4105",1,929.728,4.156,0,24,1,343,1026,"CFP","Airpore Old 1"
"4106",2,929.728,7.258,0,35,1,343,1026,"CFP","Airpore Old 2"
"4107",3,929.728,3.76,0,24,1,343,1026,"CFP","Airpore Old 3"
"4108",4,929.728,7.526,0,31,1,343,1026,"CFP","Airpore Medium 1"
"4109",5,929.728,5.913,0,27,1,343,1026,"CFP","Airpore Medium 2"
"4110",6,4123.441,6.512,0,47,1,343,1026,"CFP","Background"
"4111",1,929.728,44.35,7,111,2,343,1026,"RFP","Airpore Old 1"
"4112",2,929.728,82.002,15,255,2,343,1026,"RFP","Airpore Old 2"
"4113",3,929.728,33.979,3,114,2,343,1026,"RFP","Airpore Old 3"
"4114",4,929.728,66.04,15,255,2,343,1026,"RFP","Airpore Medium 1"
"4115",5,929.728,65.861,11,255,2,343,1026,"RFP","Airpore Medium 2"
"4116",6,4123.441,60.101,3,255,2,343,1026,"RFP","Background"
"4117",1,929.728,4.155,0,34,1,344,1029,"CFP","Airpore Old 1"
"4118",2,929.728,7.352,0,47,1,344,1029,"CFP","Airpore Old 2"
"4119",3,929.728,4.057,0,28,1,344,1029,"CFP","Airpore Old 3"
"4120",4,929.728,7.487,0,32,1,344,1029,"CFP","Airpore Medium 1"
"4121",5,929.728,6.282,0,46,1,344,1029,"CFP","Airpore Medium 2"
"4122",6,4123.441,6.536,0,40,1,344,1029,"CFP","Background"
"4123",1,929.728,45.214,7,104,2,344,1029,"RFP","Airpore Old 1"
"4124",2,929.728,81.625,11,255,2,344,1029,"RFP","Airpore Old 2"
"4125",3,929.728,34.541,3,115,2,344,1029,"RFP","Airpore Old 3"
"4126",4,929.728,65.805,15,255,2,344,1029,"RFP","Airpore Medium 1"
"4127",5,929.728,65.378,12,255,2,344,1029,"RFP","Airpore Medium 2"
"4128",6,4123.441,60.234,3,255,2,344,1029,"RFP","Background"
"4129",1,929.728,4.069,0,23,1,345,1032,"CFP","Airpore Old 1"
"4130",2,929.728,7.171,0,39,1,345,1032,"CFP","Airpore Old 2"
"4131",3,929.728,3.939,0,28,1,345,1032,"CFP","Airpore Old 3"
"4132",4,929.728,7.669,0,39,1,345,1032,"CFP","Airpore Medium 1"
"4133",5,929.728,6.101,0,35,1,345,1032,"CFP","Airpore Medium 2"
"4134",6,4123.441,6.463,0,39,1,345,1032,"CFP","Background"
"4135",1,929.728,44.608,7,99,2,345,1032,"RFP","Airpore Old 1"
"4136",2,929.728,83.176,12,255,2,345,1032,"RFP","Airpore Old 2"
"4137",3,929.728,34.205,3,112,2,345,1032,"RFP","Airpore Old 3"
"4138",4,929.728,65.591,12,255,2,345,1032,"RFP","Airpore Medium 1"
"4139",5,929.728,65.716,11,255,2,345,1032,"RFP","Airpore Medium 2"
"4140",6,4123.441,60.71,3,255,2,345,1032,"RFP","Background"
"4141",1,929.728,3.973,0,34,1,346,1035,"CFP","Airpore Old 1"
"4142",2,929.728,7.075,0,39,1,346,1035,"CFP","Airpore Old 2"
"4143",3,929.728,3.987,0,27,1,346,1035,"CFP","Airpore Old 3"
"4144",4,929.728,7.706,0,75,1,346,1035,"CFP","Airpore Medium 1"
"4145",5,929.728,6.166,0,33,1,346,1035,"CFP","Airpore Medium 2"
"4146",6,4123.441,6.459,0,40,1,346,1035,"CFP","Background"
"4147",1,929.728,44.829,7,119,2,346,1035,"RFP","Airpore Old 1"
"4148",2,929.728,82.768,12,255,2,346,1035,"RFP","Airpore Old 2"
"4149",3,929.728,34.559,0,107,2,346,1035,"RFP","Airpore Old 3"
"4150",4,929.728,66.343,11,255,2,346,1035,"RFP","Airpore Medium 1"
"4151",5,929.728,66.023,15,255,2,346,1035,"RFP","Airpore Medium 2"
"4152",6,4123.441,60.979,0,255,2,346,1035,"RFP","Background"
"4153",1,929.728,4.112,0,31,1,347,1038,"CFP","Airpore Old 1"
"4154",2,929.728,7.287,0,35,1,347,1038,"CFP","Airpore Old 2"
"4155",3,929.728,3.87,0,23,1,347,1038,"CFP","Airpore Old 3"
"4156",4,929.728,7.624,0,31,1,347,1038,"CFP","Airpore Medium 1"
"4157",5,929.728,5.976,0,31,1,347,1038,"CFP","Airpore Medium 2"
"4158",6,4123.441,6.469,0,56,1,347,1038,"CFP","Background"
"4159",1,929.728,45.223,3,103,2,347,1038,"RFP","Airpore Old 1"
"4160",2,929.728,82.588,8,255,2,347,1038,"RFP","Airpore Old 2"
"4161",3,929.728,34.404,3,103,2,347,1038,"RFP","Airpore Old 3"
"4162",4,929.728,66.009,15,255,2,347,1038,"RFP","Airpore Medium 1"
"4163",5,929.728,66.409,15,255,2,347,1038,"RFP","Airpore Medium 2"
"4164",6,4123.441,61.025,3,255,2,347,1038,"RFP","Background"
"4165",1,929.728,4.032,0,23,1,348,1041,"CFP","Airpore Old 1"
"4166",2,929.728,7.161,0,35,1,348,1041,"CFP","Airpore Old 2"
"4167",3,929.728,3.893,0,28,1,348,1041,"CFP","Airpore Old 3"
"4168",4,929.728,7.682,0,31,1,348,1041,"CFP","Airpore Medium 1"
"4169",5,929.728,6.086,0,35,1,348,1041,"CFP","Airpore Medium 2"
"4170",6,4123.441,6.495,0,37,1,348,1041,"CFP","Background"
"4171",1,929.728,45.383,7,120,2,348,1041,"RFP","Airpore Old 1"
"4172",2,929.728,83.418,11,255,2,348,1041,"RFP","Airpore Old 2"
"4173",3,929.728,34.153,0,123,2,348,1041,"RFP","Airpore Old 3"
"4174",4,929.728,66.447,15,255,2,348,1041,"RFP","Airpore Medium 1"
"4175",5,929.728,66.871,11,255,2,348,1041,"RFP","Airpore Medium 2"
"4176",6,4123.441,61.19,3,255,2,348,1041,"RFP","Background"
"4177",1,929.728,3.988,0,23,1,349,1044,"CFP","Airpore Old 1"
"4178",2,929.728,7.169,0,39,1,349,1044,"CFP","Airpore Old 2"
"4179",3,929.728,3.912,0,27,1,349,1044,"CFP","Airpore Old 3"
"4180",4,929.728,7.751,0,44,1,349,1044,"CFP","Airpore Medium 1"
"4181",5,929.728,5.799,0,31,1,349,1044,"CFP","Airpore Medium 2"
"4182",6,4123.441,6.454,0,63,1,349,1044,"CFP","Background"
"4183",1,929.728,45.279,3,99,2,349,1044,"RFP","Airpore Old 1"
"4184",2,929.728,82.26,8,255,2,349,1044,"RFP","Airpore Old 2"
"4185",3,929.728,34.334,3,99,2,349,1044,"RFP","Airpore Old 3"
"4186",4,929.728,66.578,19,255,2,349,1044,"RFP","Airpore Medium 1"
"4187",5,929.728,66.322,15,255,2,349,1044,"RFP","Airpore Medium 2"
"4188",6,4123.441,61.207,3,255,2,349,1044,"RFP","Background"
"4189",1,929.728,3.943,0,27,1,350,1047,"CFP","Airpore Old 1"
"4190",2,929.728,7.429,0,42,1,350,1047,"CFP","Airpore Old 2"
"4191",3,929.728,3.701,0,27,1,350,1047,"CFP","Airpore Old 3"
"4192",4,929.728,7.79,0,46,1,350,1047,"CFP","Airpore Medium 1"
"4193",5,929.728,6.158,0,38,1,350,1047,"CFP","Airpore Medium 2"
"4194",6,4123.441,6.486,0,39,1,350,1047,"CFP","Background"
"4195",1,929.728,45.348,7,111,2,350,1047,"RFP","Airpore Old 1"
"4196",2,929.728,83.839,12,255,2,350,1047,"RFP","Airpore Old 2"
"4197",3,929.728,34.309,0,134,2,350,1047,"RFP","Airpore Old 3"
"4198",4,929.728,66.491,12,255,2,350,1047,"RFP","Airpore Medium 1"
"4199",5,929.728,66.539,11,255,2,350,1047,"RFP","Airpore Medium 2"
"4200",6,4123.441,60.685,3,255,2,350,1047,"RFP","Background"
"4201",1,929.728,4.034,0,24,1,351,1050,"CFP","Airpore Old 1"
"4202",2,929.728,7.1,0,35,1,351,1050,"CFP","Airpore Old 2"
"4203",3,929.728,3.867,0,24,1,351,1050,"CFP","Airpore Old 3"
"4204",4,929.728,7.496,0,31,1,351,1050,"CFP","Airpore Medium 1"
"4205",5,929.728,5.901,0,31,1,351,1050,"CFP","Airpore Medium 2"
"4206",6,4123.441,6.451,0,35,1,351,1050,"CFP","Background"
"4207",1,929.728,44.753,7,110,2,351,1050,"RFP","Airpore Old 1"
"4208",2,929.728,82.47,11,255,2,351,1050,"RFP","Airpore Old 2"
"4209",3,929.728,34.096,0,102,2,351,1050,"RFP","Airpore Old 3"
"4210",4,929.728,66.198,15,255,2,351,1050,"RFP","Airpore Medium 1"
"4211",5,929.728,66.156,11,244,2,351,1050,"RFP","Airpore Medium 2"
"4212",6,4123.441,60.688,3,255,2,351,1050,"RFP","Background"
"4213",1,929.728,3.85,0,23,1,352,1053,"CFP","Airpore Old 1"
"4214",2,929.728,7.252,0,39,1,352,1053,"CFP","Airpore Old 2"
"4215",3,929.728,3.976,0,27,1,352,1053,"CFP","Airpore Old 3"
"4216",4,929.728,7.481,0,36,1,352,1053,"CFP","Airpore Medium 1"
"4217",5,929.728,5.951,0,35,1,352,1053,"CFP","Airpore Medium 2"
"4218",6,4123.441,6.425,0,50,1,352,1053,"CFP","Background"
"4219",1,929.728,45.746,3,115,2,352,1053,"RFP","Airpore Old 1"
"4220",2,929.728,82.383,7,255,2,352,1053,"RFP","Airpore Old 2"
"4221",3,929.728,33.711,0,129,2,352,1053,"RFP","Airpore Old 3"
"4222",4,929.728,66.478,19,255,2,352,1053,"RFP","Airpore Medium 1"
"4223",5,929.728,66.025,11,255,2,352,1053,"RFP","Airpore Medium 2"
"4224",6,4123.441,60.893,3,255,2,352,1053,"RFP","Background"
"4225",1,929.728,3.98,0,24,1,353,1056,"CFP","Airpore Old 1"
"4226",2,929.728,7.265,0,40,1,353,1056,"CFP","Airpore Old 2"
"4227",3,929.728,3.886,0,27,1,353,1056,"CFP","Airpore Old 3"
"4228",4,929.728,7.476,0,32,1,353,1056,"CFP","Airpore Medium 1"
"4229",5,929.728,5.989,0,27,1,353,1056,"CFP","Airpore Medium 2"
"4230",6,4123.441,6.271,0,35,1,353,1056,"CFP","Background"
"4231",1,929.728,45.023,3,108,2,353,1056,"RFP","Airpore Old 1"
"4232",2,929.728,82.677,3,255,2,353,1056,"RFP","Airpore Old 2"
"4233",3,929.728,33.766,3,96,2,353,1056,"RFP","Airpore Old 3"
"4234",4,929.728,66.001,15,255,2,353,1056,"RFP","Airpore Medium 1"
"4235",5,929.728,66.855,7,255,2,353,1056,"RFP","Airpore Medium 2"
"4236",6,4123.441,60.507,3,255,2,353,1056,"RFP","Background"
"4237",1,929.728,4.044,0,35,1,354,1059,"CFP","Airpore Old 1"
"4238",2,929.728,7.089,0,36,1,354,1059,"CFP","Airpore Old 2"
"4239",3,929.728,3.758,0,33,1,354,1059,"CFP","Airpore Old 3"
"4240",4,929.728,7.363,0,45,1,354,1059,"CFP","Airpore Medium 1"
"4241",5,929.728,5.994,0,28,1,354,1059,"CFP","Airpore Medium 2"
"4242",6,4123.441,6.539,0,39,1,354,1059,"CFP","Background"
"4243",1,929.728,45.17,3,116,2,354,1059,"RFP","Airpore Old 1"
"4244",2,929.728,83.6,7,255,2,354,1059,"RFP","Airpore Old 2"
"4245",3,929.728,34.275,3,116,2,354,1059,"RFP","Airpore Old 3"
"4246",4,929.728,67.237,19,255,2,354,1059,"RFP","Airpore Medium 1"
"4247",5,929.728,66.041,15,255,2,354,1059,"RFP","Airpore Medium 2"
"4248",6,4123.441,60.38,3,255,2,354,1059,"RFP","Background"
"4249",1,929.728,4.163,0,27,1,355,1062,"CFP","Airpore Old 1"
"4250",2,929.728,7.258,0,35,1,355,1062,"CFP","Airpore Old 2"
"4251",3,929.728,3.679,0,24,1,355,1062,"CFP","Airpore Old 3"
"4252",4,929.728,7.395,0,35,1,355,1062,"CFP","Airpore Medium 1"
"4253",5,929.728,6.116,0,27,1,355,1062,"CFP","Airpore Medium 2"
"4254",6,4123.441,6.425,0,35,1,355,1062,"CFP","Background"
"4255",1,929.728,45.11,3,116,2,355,1062,"RFP","Airpore Old 1"
"4256",2,929.728,83.792,12,255,2,355,1062,"RFP","Airpore Old 2"
"4257",3,929.728,33.897,0,109,2,355,1062,"RFP","Airpore Old 3"
"4258",4,929.728,67.474,7,255,2,355,1062,"RFP","Airpore Medium 1"
"4259",5,929.728,66.79,15,255,2,355,1062,"RFP","Airpore Medium 2"
"4260",6,4123.441,60.727,3,255,2,355,1062,"RFP","Background"
"4261",1,929.728,3.923,0,20,1,356,1065,"CFP","Airpore Old 1"
"4262",2,929.728,7.117,0,35,1,356,1065,"CFP","Airpore Old 2"
"4263",3,929.728,3.799,0,28,1,356,1065,"CFP","Airpore Old 3"
"4264",4,929.728,7.787,0,36,1,356,1065,"CFP","Airpore Medium 1"
"4265",5,929.728,5.948,0,23,1,356,1065,"CFP","Airpore Medium 2"
"4266",6,4123.441,6.393,0,38,1,356,1065,"CFP","Background"
"4267",1,929.728,43.566,3,122,2,356,1065,"RFP","Airpore Old 1"
"4268",2,929.728,83.564,3,255,2,356,1065,"RFP","Airpore Old 2"
"4269",3,929.728,34.12,0,99,2,356,1065,"RFP","Airpore Old 3"
"4270",4,929.728,66.532,15,255,2,356,1065,"RFP","Airpore Medium 1"
"4271",5,929.728,66.213,15,255,2,356,1065,"RFP","Airpore Medium 2"
"4272",6,4123.441,60.28,3,255,2,356,1065,"RFP","Background"
"4273",1,929.728,3.917,0,36,1,357,1068,"CFP","Airpore Old 1"
"4274",2,929.728,7.101,0,47,1,357,1068,"CFP","Airpore Old 2"
"4275",3,929.728,3.856,0,27,1,357,1068,"CFP","Airpore Old 3"
"4276",4,929.728,7.508,0,31,1,357,1068,"CFP","Airpore Medium 1"
"4277",5,929.728,6.182,0,27,1,357,1068,"CFP","Airpore Medium 2"
"4278",6,4123.441,6.403,0,51,1,357,1068,"CFP","Background"
"4279",1,929.728,44.596,7,141,2,357,1068,"RFP","Airpore Old 1"
"4280",2,929.728,83.119,8,255,2,357,1068,"RFP","Airpore Old 2"
"4281",3,929.728,34.248,3,124,2,357,1068,"RFP","Airpore Old 3"
"4282",4,929.728,66.923,11,255,2,357,1068,"RFP","Airpore Medium 1"
"4283",5,929.728,66.347,15,255,2,357,1068,"RFP","Airpore Medium 2"
"4284",6,4123.441,60.014,3,255,2,357,1068,"RFP","Background"
"4285",1,929.728,3.907,0,23,1,358,1071,"CFP","Airpore Old 1"
"4286",2,929.728,7.416,0,42,1,358,1071,"CFP","Airpore Old 2"
"4287",3,929.728,3.795,0,24,1,358,1071,"CFP","Airpore Old 3"
"4288",4,929.728,7.587,0,36,1,358,1071,"CFP","Airpore Medium 1"
"4289",5,929.728,6.013,0,24,1,358,1071,"CFP","Airpore Medium 2"
"4290",6,4123.441,6.504,0,42,1,358,1071,"CFP","Background"
"4291",1,929.728,43.527,7,100,2,358,1071,"RFP","Airpore Old 1"
"4292",2,929.728,83.454,7,255,2,358,1071,"RFP","Airpore Old 2"
"4293",3,929.728,33.533,3,123,2,358,1071,"RFP","Airpore Old 3"
"4294",4,929.728,65.678,16,255,2,358,1071,"RFP","Airpore Medium 1"
"4295",5,929.728,66.131,19,255,2,358,1071,"RFP","Airpore Medium 2"
"4296",6,4123.441,59.959,3,255,2,358,1071,"RFP","Background"
"4297",1,929.728,3.837,0,27,1,359,1074,"CFP","Airpore Old 1"
"4298",2,929.728,7.289,0,43,1,359,1074,"CFP","Airpore Old 2"
"4299",3,929.728,4.025,0,31,1,359,1074,"CFP","Airpore Old 3"
"4300",4,929.728,7.679,0,31,1,359,1074,"CFP","Airpore Medium 1"
"4301",5,929.728,6.148,0,31,1,359,1074,"CFP","Airpore Medium 2"
"4302",6,4123.441,6.48,0,42,1,359,1074,"CFP","Background"
"4303",1,929.728,43.856,3,120,2,359,1074,"RFP","Airpore Old 1"
"4304",2,929.728,82.755,11,255,2,359,1074,"RFP","Airpore Old 2"
"4305",3,929.728,33.839,0,111,2,359,1074,"RFP","Airpore Old 3"
"4306",4,929.728,66.416,15,255,2,359,1074,"RFP","Airpore Medium 1"
"4307",5,929.728,66.284,15,255,2,359,1074,"RFP","Airpore Medium 2"
"4308",6,4123.441,59.825,3,255,2,359,1074,"RFP","Background"
"4309",1,929.728,3.897,0,31,1,360,1077,"CFP","Airpore Old 1"
"4310",2,929.728,7.205,0,35,1,360,1077,"CFP","Airpore Old 2"
"4311",3,929.728,3.876,0,23,1,360,1077,"CFP","Airpore Old 3"
"4312",4,929.728,7.577,0,31,1,360,1077,"CFP","Airpore Medium 1"
"4313",5,929.728,6.18,0,38,1,360,1077,"CFP","Airpore Medium 2"
"4314",6,4123.441,6.369,0,39,1,360,1077,"CFP","Background"
"4315",1,929.728,44.084,7,107,2,360,1077,"RFP","Airpore Old 1"
"4316",2,929.728,83.064,7,255,2,360,1077,"RFP","Airpore Old 2"
"4317",3,929.728,33.97,0,140,2,360,1077,"RFP","Airpore Old 3"
"4318",4,929.728,66.279,15,255,2,360,1077,"RFP","Airpore Medium 1"
"4319",5,929.728,66.156,7,255,2,360,1077,"RFP","Airpore Medium 2"
"4320",6,4123.441,59.55,3,255,2,360,1077,"RFP","Background"
"4321",1,929.728,4.06,0,33,1,361,1080,"CFP","Airpore Old 1"
"4322",2,929.728,7.382,0,39,1,361,1080,"CFP","Airpore Old 2"
"4323",3,929.728,3.724,0,24,1,361,1080,"CFP","Airpore Old 3"
"4324",4,929.728,7.81,0,37,1,361,1080,"CFP","Airpore Medium 1"
"4325",5,929.728,5.996,0,31,1,361,1080,"CFP","Airpore Medium 2"
"4326",6,4123.441,6.417,0,44,1,361,1080,"CFP","Background"
"4327",1,929.728,43.221,3,124,2,361,1080,"RFP","Airpore Old 1"
"4328",2,929.728,83.664,8,255,2,361,1080,"RFP","Airpore Old 2"
"4329",3,929.728,33.635,0,104,2,361,1080,"RFP","Airpore Old 3"
"4330",4,929.728,66.487,19,255,2,361,1080,"RFP","Airpore Medium 1"
"4331",5,929.728,66.349,15,255,2,361,1080,"RFP","Airpore Medium 2"
"4332",6,4123.441,59.52,3,255,2,361,1080,"RFP","Background"
"4333",1,929.728,4.096,0,23,1,362,1083,"CFP","Airpore Old 1"
"4334",2,929.728,7.098,0,43,1,362,1083,"CFP","Airpore Old 2"
"4335",3,929.728,3.667,0,27,1,362,1083,"CFP","Airpore Old 3"
"4336",4,929.728,7.682,0,31,1,362,1083,"CFP","Airpore Medium 1"
"4337",5,929.728,6.084,0,40,1,362,1083,"CFP","Airpore Medium 2"
"4338",6,4123.441,6.294,0,43,1,362,1083,"CFP","Background"
"4339",1,929.728,44.316,11,104,2,362,1083,"RFP","Airpore Old 1"
"4340",2,929.728,83.268,11,255,2,362,1083,"RFP","Airpore Old 2"
"4341",3,929.728,33.885,0,103,2,362,1083,"RFP","Airpore Old 3"
"4342",4,929.728,67.051,15,255,2,362,1083,"RFP","Airpore Medium 1"
"4343",5,929.728,65.896,7,255,2,362,1083,"RFP","Airpore Medium 2"
"4344",6,4123.441,59.851,0,255,2,362,1083,"RFP","Background"
"4345",1,929.728,3.936,0,27,1,363,1086,"CFP","Airpore Old 1"
"4346",2,929.728,7.409,0,42,1,363,1086,"CFP","Airpore Old 2"
"4347",3,929.728,3.814,0,33,1,363,1086,"CFP","Airpore Old 3"
"4348",4,929.728,7.302,0,34,1,363,1086,"CFP","Airpore Medium 1"
"4349",5,929.728,6.051,0,36,1,363,1086,"CFP","Airpore Medium 2"
"4350",6,4123.441,6.303,0,34,1,363,1086,"CFP","Background"
"4351",1,929.728,43.939,7,117,2,363,1086,"RFP","Airpore Old 1"
"4352",2,929.728,82.503,7,255,2,363,1086,"RFP","Airpore Old 2"
"4353",3,929.728,34.15,0,109,2,363,1086,"RFP","Airpore Old 3"
"4354",4,929.728,67.587,15,255,2,363,1086,"RFP","Airpore Medium 1"
"4355",5,929.728,65.774,11,255,2,363,1086,"RFP","Airpore Medium 2"
"4356",6,4123.441,59.675,3,255,2,363,1086,"RFP","Background"
"4357",1,929.728,3.929,0,27,1,364,1089,"CFP","Airpore Old 1"
"4358",2,929.728,7.351,0,39,1,364,1089,"CFP","Airpore Old 2"
"4359",3,929.728,3.776,0,32,1,364,1089,"CFP","Airpore Old 3"
"4360",4,929.728,7.388,0,31,1,364,1089,"CFP","Airpore Medium 1"
"4361",5,929.728,6.185,0,27,1,364,1089,"CFP","Airpore Medium 2"
"4362",6,4123.441,6.414,0,39,1,364,1089,"CFP","Background"
"4363",1,929.728,44.226,7,107,2,364,1089,"RFP","Airpore Old 1"
"4364",2,929.728,82.828,7,255,2,364,1089,"RFP","Airpore Old 2"
"4365",3,929.728,33.999,0,118,2,364,1089,"RFP","Airpore Old 3"
"4366",4,929.728,66.447,19,255,2,364,1089,"RFP","Airpore Medium 1"
"4367",5,929.728,65.98,15,255,2,364,1089,"RFP","Airpore Medium 2"
"4368",6,4123.441,59.823,3,255,2,364,1089,"RFP","Background"
"4369",1,929.728,4.121,0,23,1,365,1092,"CFP","Airpore Old 1"
"4370",2,929.728,7.375,0,35,1,365,1092,"CFP","Airpore Old 2"
"4371",3,929.728,3.934,0,23,1,365,1092,"CFP","Airpore Old 3"
"4372",4,929.728,7.555,0,39,1,365,1092,"CFP","Airpore Medium 1"
"4373",5,929.728,5.923,0,31,1,365,1092,"CFP","Airpore Medium 2"
"4374",6,4123.441,6.352,0,39,1,365,1092,"CFP","Background"
"4375",1,929.728,44.12,3,118,2,365,1092,"RFP","Airpore Old 1"
"4376",2,929.728,83.351,11,255,2,365,1092,"RFP","Airpore Old 2"
"4377",3,929.728,33.519,0,131,2,365,1092,"RFP","Airpore Old 3"
"4378",4,929.728,67.176,15,255,2,365,1092,"RFP","Airpore Medium 1"
"4379",5,929.728,65.928,15,255,2,365,1092,"RFP","Airpore Medium 2"
"4380",6,4123.441,59.65,0,255,2,365,1092,"RFP","Background"
"4381",1,929.728,3.766,0,25,1,366,1095,"CFP","Airpore Old 1"
"4382",2,929.728,7.174,0,35,1,366,1095,"CFP","Airpore Old 2"
"4383",3,929.728,3.646,0,31,1,366,1095,"CFP","Airpore Old 3"
"4384",4,929.728,7.8,0,40,1,366,1095,"CFP","Airpore Medium 1"
"4385",5,929.728,5.932,0,31,1,366,1095,"CFP","Airpore Medium 2"
"4386",6,4123.441,6.322,0,44,1,366,1095,"CFP","Background"
"4387",1,929.728,44.033,7,111,2,366,1095,"RFP","Airpore Old 1"
"4388",2,929.728,83.344,11,255,2,366,1095,"RFP","Airpore Old 2"
"4389",3,929.728,33.819,3,103,2,366,1095,"RFP","Airpore Old 3"
"4390",4,929.728,67.68,16,255,2,366,1095,"RFP","Airpore Medium 1"
"4391",5,929.728,66.376,19,255,2,366,1095,"RFP","Airpore Medium 2"
"4392",6,4123.441,59.812,0,255,2,366,1095,"RFP","Background"
"4393",1,929.728,3.937,0,28,1,367,1098,"CFP","Airpore Old 1"
"4394",2,929.728,7.057,0,38,1,367,1098,"CFP","Airpore Old 2"
"4395",3,929.728,3.801,0,27,1,367,1098,"CFP","Airpore Old 3"
"4396",4,929.728,7.591,0,34,1,367,1098,"CFP","Airpore Medium 1"
"4397",5,929.728,5.978,0,31,1,367,1098,"CFP","Airpore Medium 2"
"4398",6,4123.441,6.312,0,56,1,367,1098,"CFP","Background"
"4399",1,929.728,43.847,7,98,2,367,1098,"RFP","Airpore Old 1"
"4400",2,929.728,82.911,11,255,2,367,1098,"RFP","Airpore Old 2"
"4401",3,929.728,33.936,3,105,2,367,1098,"RFP","Airpore Old 3"
"4402",4,929.728,66.907,19,255,2,367,1098,"RFP","Airpore Medium 1"
"4403",5,929.728,67.158,12,255,2,367,1098,"RFP","Airpore Medium 2"
"4404",6,4123.441,59.645,0,255,2,367,1098,"RFP","Background"
"4405",1,929.728,3.861,0,27,1,368,1101,"CFP","Airpore Old 1"
"4406",2,929.728,7.03,0,35,1,368,1101,"CFP","Airpore Old 2"
"4407",3,929.728,3.843,0,20,1,368,1101,"CFP","Airpore Old 3"
"4408",4,929.728,7.564,0,34,1,368,1101,"CFP","Airpore Medium 1"
"4409",5,929.728,6.024,0,28,1,368,1101,"CFP","Airpore Medium 2"
"4410",6,4123.441,6.353,0,42,1,368,1101,"CFP","Background"
"4411",1,929.728,43.89,3,112,2,368,1101,"RFP","Airpore Old 1"
"4412",2,929.728,82.56,3,255,2,368,1101,"RFP","Airpore Old 2"
"4413",3,929.728,33.994,3,95,2,368,1101,"RFP","Airpore Old 3"
"4414",4,929.728,67.352,15,255,2,368,1101,"RFP","Airpore Medium 1"
"4415",5,929.728,67.522,11,255,2,368,1101,"RFP","Airpore Medium 2"
"4416",6,4123.441,59.944,3,255,2,368,1101,"RFP","Background"
"4417",1,929.728,3.973,0,27,1,369,1104,"CFP","Airpore Old 1"
"4418",2,929.728,7.029,0,46,1,369,1104,"CFP","Airpore Old 2"
"4419",3,929.728,3.799,0,23,1,369,1104,"CFP","Airpore Old 3"
"4420",4,929.728,7.629,0,31,1,369,1104,"CFP","Airpore Medium 1"
"4421",5,929.728,5.923,0,31,1,369,1104,"CFP","Airpore Medium 2"
"4422",6,4123.441,6.407,0,42,1,369,1104,"CFP","Background"
"4423",1,929.728,43.444,7,115,2,369,1104,"RFP","Airpore Old 1"
"4424",2,929.728,83.46,11,255,2,369,1104,"RFP","Airpore Old 2"
"4425",3,929.728,33.685,3,107,2,369,1104,"RFP","Airpore Old 3"
"4426",4,929.728,66.805,15,255,2,369,1104,"RFP","Airpore Medium 1"
"4427",5,929.728,66.022,11,255,2,369,1104,"RFP","Airpore Medium 2"
"4428",6,4123.441,59.471,3,255,2,369,1104,"RFP","Background"
"4429",1,929.728,3.813,0,27,1,370,1107,"CFP","Airpore Old 1"
"4430",2,929.728,6.991,0,42,1,370,1107,"CFP","Airpore Old 2"
"4431",3,929.728,3.773,0,32,1,370,1107,"CFP","Airpore Old 3"
"4432",4,929.728,7.509,0,32,1,370,1107,"CFP","Airpore Medium 1"
"4433",5,929.728,5.96,0,27,1,370,1107,"CFP","Airpore Medium 2"
"4434",6,4123.441,6.286,0,41,1,370,1107,"CFP","Background"
"4435",1,929.728,43.738,7,111,2,370,1107,"RFP","Airpore Old 1"
"4436",2,929.728,82.59,11,255,2,370,1107,"RFP","Airpore Old 2"
"4437",3,929.728,33.889,3,119,2,370,1107,"RFP","Airpore Old 3"
"4438",4,929.728,67.559,15,255,2,370,1107,"RFP","Airpore Medium 1"
"4439",5,929.728,66.461,11,255,2,370,1107,"RFP","Airpore Medium 2"
"4440",6,4123.441,59.387,3,255,2,370,1107,"RFP","Background"
"4441",1,929.728,3.768,0,31,1,371,1110,"CFP","Airpore Old 1"
"4442",2,929.728,7.297,0,35,1,371,1110,"CFP","Airpore Old 2"
"4443",3,929.728,3.784,0,27,1,371,1110,"CFP","Airpore Old 3"
"4444",4,929.728,7.389,0,35,1,371,1110,"CFP","Airpore Medium 1"
"4445",5,929.728,5.965,0,27,1,371,1110,"CFP","Airpore Medium 2"
"4446",6,4123.441,6.214,0,48,1,371,1110,"CFP","Background"
"4447",1,929.728,43.322,7,115,2,371,1110,"RFP","Airpore Old 1"
"4448",2,929.728,83.279,11,255,2,371,1110,"RFP","Airpore Old 2"
"4449",3,929.728,32.938,3,112,2,371,1110,"RFP","Airpore Old 3"
"4450",4,929.728,66.56,19,255,2,371,1110,"RFP","Airpore Medium 1"
"4451",5,929.728,65.934,11,255,2,371,1110,"RFP","Airpore Medium 2"
"4452",6,4123.441,59.059,3,255,2,371,1110,"RFP","Background"
"4453",1,929.728,3.938,0,32,1,372,1113,"CFP","Airpore Old 1"
"4454",2,929.728,7.451,0,43,1,372,1113,"CFP","Airpore Old 2"
"4455",3,929.728,3.959,0,31,1,372,1113,"CFP","Airpore Old 3"
"4456",4,929.728,7.365,0,27,1,372,1113,"CFP","Airpore Medium 1"
"4457",5,929.728,6.076,0,28,1,372,1113,"CFP","Airpore Medium 2"
"4458",6,4123.441,6.207,0,42,1,372,1113,"CFP","Background"
"4459",1,929.728,42.993,3,125,2,372,1113,"RFP","Airpore Old 1"
"4460",2,929.728,82.855,7,255,2,372,1113,"RFP","Airpore Old 2"
"4461",3,929.728,33.13,3,104,2,372,1113,"RFP","Airpore Old 3"
"4462",4,929.728,66.569,15,255,2,372,1113,"RFP","Airpore Medium 1"
"4463",5,929.728,66.625,15,255,2,372,1113,"RFP","Airpore Medium 2"
"4464",6,4123.441,58.999,3,255,2,372,1113,"RFP","Background"
"4465",1,929.728,3.807,0,24,1,373,1116,"CFP","Airpore Old 1"
"4466",2,929.728,7.176,0,39,1,373,1116,"CFP","Airpore Old 2"
"4467",3,929.728,3.763,0,23,1,373,1116,"CFP","Airpore Old 3"
"4468",4,929.728,7.517,0,31,1,373,1116,"CFP","Airpore Medium 1"
"4469",5,929.728,6.037,0,27,1,373,1116,"CFP","Airpore Medium 2"
"4470",6,4123.441,6.227,0,35,1,373,1116,"CFP","Background"
"4471",1,929.728,42.989,7,104,2,373,1116,"RFP","Airpore Old 1"
"4472",2,929.728,82.821,8,255,2,373,1116,"RFP","Airpore Old 2"
"4473",3,929.728,32.652,0,96,2,373,1116,"RFP","Airpore Old 3"
"4474",4,929.728,67.013,15,255,2,373,1116,"RFP","Airpore Medium 1"
"4475",5,929.728,65.507,12,255,2,373,1116,"RFP","Airpore Medium 2"
"4476",6,4123.441,58.543,3,255,2,373,1116,"RFP","Background"
"4477",1,929.728,3.875,0,27,1,374,1119,"CFP","Airpore Old 1"
"4478",2,929.728,7.088,0,35,1,374,1119,"CFP","Airpore Old 2"
"4479",3,929.728,3.867,0,31,1,374,1119,"CFP","Airpore Old 3"
"4480",4,929.728,7.34,0,39,1,374,1119,"CFP","Airpore Medium 1"
"4481",5,929.728,6.084,0,31,1,374,1119,"CFP","Airpore Medium 2"
"4482",6,4123.441,6.227,0,43,1,374,1119,"CFP","Background"
"4483",1,929.728,42.387,3,115,2,374,1119,"RFP","Airpore Old 1"
"4484",2,929.728,82.522,11,255,2,374,1119,"RFP","Airpore Old 2"
"4485",3,929.728,33.431,3,104,2,374,1119,"RFP","Airpore Old 3"
"4486",4,929.728,67.139,15,255,2,374,1119,"RFP","Airpore Medium 1"
"4487",5,929.728,65.35,15,255,2,374,1119,"RFP","Airpore Medium 2"
"4488",6,4123.441,58.775,3,255,2,374,1119,"RFP","Background"
"4489",1,929.728,3.825,0,40,1,375,1122,"CFP","Airpore Old 1"
"4490",2,929.728,7.204,0,35,1,375,1122,"CFP","Airpore Old 2"
"4491",3,929.728,3.891,0,23,1,375,1122,"CFP","Airpore Old 3"
"4492",4,929.728,7.611,0,35,1,375,1122,"CFP","Airpore Medium 1"
"4493",5,929.728,6.055,0,27,1,375,1122,"CFP","Airpore Medium 2"
"4494",6,4123.441,6.276,0,38,1,375,1122,"CFP","Background"
"4495",1,929.728,42.821,7,102,2,375,1122,"RFP","Airpore Old 1"
"4496",2,929.728,83.282,7,255,2,375,1122,"RFP","Airpore Old 2"
"4497",3,929.728,33.875,3,104,2,375,1122,"RFP","Airpore Old 3"
"4498",4,929.728,67.333,15,255,2,375,1122,"RFP","Airpore Medium 1"
"4499",5,929.728,66.185,12,255,2,375,1122,"RFP","Airpore Medium 2"
"4500",6,4123.441,58.568,3,255,2,375,1122,"RFP","Background"
"4501",1,929.728,4.02,0,27,1,376,1125,"CFP","Airpore Old 1"
"4502",2,929.728,7.359,0,43,1,376,1125,"CFP","Airpore Old 2"
"4503",3,929.728,3.87,0,25,1,376,1125,"CFP","Airpore Old 3"
"4504",4,929.728,7.488,0,39,1,376,1125,"CFP","Airpore Medium 1"
"4505",5,929.728,6.232,0,34,1,376,1125,"CFP","Airpore Medium 2"
"4506",6,4123.441,6.208,0,49,1,376,1125,"CFP","Background"
"4507",1,929.728,43.388,7,140,2,376,1125,"RFP","Airpore Old 1"
"4508",2,929.728,83.521,11,255,2,376,1125,"RFP","Airpore Old 2"
"4509",3,929.728,33.483,3,115,2,376,1125,"RFP","Airpore Old 3"
"4510",4,929.728,67.317,12,255,2,376,1125,"RFP","Airpore Medium 1"
"4511",5,929.728,66.454,15,255,2,376,1125,"RFP","Airpore Medium 2"
"4512",6,4123.441,58.5,3,255,2,376,1125,"RFP","Background"
"4513",1,929.728,3.89,0,27,1,377,1128,"CFP","Airpore Old 1"
"4514",2,929.728,7.378,0,46,1,377,1128,"CFP","Airpore Old 2"
"4515",3,929.728,3.794,0,24,1,377,1128,"CFP","Airpore Old 3"
"4516",4,929.728,7.737,0,31,1,377,1128,"CFP","Airpore Medium 1"
"4517",5,929.728,6.002,0,31,1,377,1128,"CFP","Airpore Medium 2"
"4518",6,4123.441,6.142,0,35,1,377,1128,"CFP","Background"
"4519",1,929.728,43.416,3,100,2,377,1128,"RFP","Airpore Old 1"
"4520",2,929.728,82.879,11,255,2,377,1128,"RFP","Airpore Old 2"
"4521",3,929.728,33.48,0,105,2,377,1128,"RFP","Airpore Old 3"
"4522",4,929.728,67.033,19,255,2,377,1128,"RFP","Airpore Medium 1"
"4523",5,929.728,66.548,15,255,2,377,1128,"RFP","Airpore Medium 2"
"4524",6,4123.441,58.604,3,255,2,377,1128,"RFP","Background"
"4525",1,929.728,4.011,0,27,1,378,1131,"CFP","Airpore Old 1"
"4526",2,929.728,7.307,0,42,1,378,1131,"CFP","Airpore Old 2"
"4527",3,929.728,3.793,0,24,1,378,1131,"CFP","Airpore Old 3"
"4528",4,929.728,7.544,0,36,1,378,1131,"CFP","Airpore Medium 1"
"4529",5,929.728,6.002,0,27,1,378,1131,"CFP","Airpore Medium 2"
"4530",6,4123.441,6.291,0,39,1,378,1131,"CFP","Background"
"4531",1,929.728,43.177,3,106,2,378,1131,"RFP","Airpore Old 1"
"4532",2,929.728,83.533,11,255,2,378,1131,"RFP","Airpore Old 2"
"4533",3,929.728,33.252,0,126,2,378,1131,"RFP","Airpore Old 3"
"4534",4,929.728,67.076,15,255,2,378,1131,"RFP","Airpore Medium 1"
"4535",5,929.728,64.858,7,255,2,378,1131,"RFP","Airpore Medium 2"
"4536",6,4123.441,58.433,3,255,2,378,1131,"RFP","Background"
"4537",1,929.728,3.736,0,24,1,379,1134,"CFP","Airpore Old 1"
"4538",2,929.728,7.036,0,38,1,379,1134,"CFP","Airpore Old 2"
"4539",3,929.728,3.894,0,30,1,379,1134,"CFP","Airpore Old 3"
"4540",4,929.728,7.557,0,27,1,379,1134,"CFP","Airpore Medium 1"
"4541",5,929.728,6.131,0,24,1,379,1134,"CFP","Airpore Medium 2"
"4542",6,4123.441,6.218,0,39,1,379,1134,"CFP","Background"
"4543",1,929.728,42.871,7,103,2,379,1134,"RFP","Airpore Old 1"
"4544",2,929.728,84.321,8,255,2,379,1134,"RFP","Airpore Old 2"
"4545",3,929.728,33.178,0,106,2,379,1134,"RFP","Airpore Old 3"
"4546",4,929.728,68.303,15,255,2,379,1134,"RFP","Airpore Medium 1"
"4547",5,929.728,66.434,12,255,2,379,1134,"RFP","Airpore Medium 2"
"4548",6,4123.441,58.42,3,255,2,379,1134,"RFP","Background"
"4549",1,929.728,3.763,0,27,1,380,1137,"CFP","Airpore Old 1"
"4550",2,929.728,7.359,0,35,1,380,1137,"CFP","Airpore Old 2"
"4551",3,929.728,3.753,0,24,1,380,1137,"CFP","Airpore Old 3"
"4552",4,929.728,7.735,0,36,1,380,1137,"CFP","Airpore Medium 1"
"4553",5,929.728,6.108,0,31,1,380,1137,"CFP","Airpore Medium 2"
"4554",6,4123.441,6.233,0,39,1,380,1137,"CFP","Background"
"4555",1,929.728,43.069,3,115,2,380,1137,"RFP","Airpore Old 1"
"4556",2,929.728,83.852,7,255,2,380,1137,"RFP","Airpore Old 2"
"4557",3,929.728,33.756,3,108,2,380,1137,"RFP","Airpore Old 3"
"4558",4,929.728,67.923,19,255,2,380,1137,"RFP","Airpore Medium 1"
"4559",5,929.728,66.21,3,255,2,380,1137,"RFP","Airpore Medium 2"
"4560",6,4123.441,58.654,3,255,2,380,1137,"RFP","Background"
"4561",1,929.728,3.678,0,23,1,381,1140,"CFP","Airpore Old 1"
"4562",2,929.728,7.158,0,43,1,381,1140,"CFP","Airpore Old 2"
"4563",3,929.728,3.71,0,23,1,381,1140,"CFP","Airpore Old 3"
"4564",4,929.728,7.4,0,50,1,381,1140,"CFP","Airpore Medium 1"
"4565",5,929.728,5.947,0,39,1,381,1140,"CFP","Airpore Medium 2"
"4566",6,4123.441,6.224,0,38,1,381,1140,"CFP","Background"
"4567",1,929.728,42.758,7,124,2,381,1140,"RFP","Airpore Old 1"
"4568",2,929.728,83.818,11,255,2,381,1140,"RFP","Airpore Old 2"
"4569",3,929.728,33.907,0,98,2,381,1140,"RFP","Airpore Old 3"
"4570",4,929.728,67.298,12,255,2,381,1140,"RFP","Airpore Medium 1"
"4571",5,929.728,66.413,15,255,2,381,1140,"RFP","Airpore Medium 2"
"4572",6,4123.441,58.336,3,255,2,381,1140,"RFP","Background"
"4573",1,929.728,3.888,0,28,1,382,1143,"CFP","Airpore Old 1"
"4574",2,929.728,7.315,0,39,1,382,1143,"CFP","Airpore Old 2"
"4575",3,929.728,3.838,0,27,1,382,1143,"CFP","Airpore Old 3"
"4576",4,929.728,7.481,0,31,1,382,1143,"CFP","Airpore Medium 1"
"4577",5,929.728,5.899,0,27,1,382,1143,"CFP","Airpore Medium 2"
"4578",6,4123.441,6.1,0,51,1,382,1143,"CFP","Background"
"4579",1,929.728,43.629,7,100,2,382,1143,"RFP","Airpore Old 1"
"4580",2,929.728,83.062,3,255,2,382,1143,"RFP","Airpore Old 2"
"4581",3,929.728,33.352,3,121,2,382,1143,"RFP","Airpore Old 3"
"4582",4,929.728,67.717,15,255,2,382,1143,"RFP","Airpore Medium 1"
"4583",5,929.728,65.373,12,255,2,382,1143,"RFP","Airpore Medium 2"
"4584",6,4123.441,58.291,3,255,2,382,1143,"RFP","Background"
"4585",1,929.728,3.8,0,24,1,383,1146,"CFP","Airpore Old 1"
"4586",2,929.728,7.244,0,43,1,383,1146,"CFP","Airpore Old 2"
"4587",3,929.728,3.912,0,23,1,383,1146,"CFP","Airpore Old 3"
"4588",4,929.728,7.528,0,47,1,383,1146,"CFP","Airpore Medium 1"
"4589",5,929.728,5.9,0,31,1,383,1146,"CFP","Airpore Medium 2"
"4590",6,4123.441,6.232,0,35,1,383,1146,"CFP","Background"
"4591",1,929.728,42.557,7,108,2,383,1146,"RFP","Airpore Old 1"
"4592",2,929.728,83.352,7,255,2,383,1146,"RFP","Airpore Old 2"
"4593",3,929.728,33.247,0,103,2,383,1146,"RFP","Airpore Old 3"
"4594",4,929.728,67.897,15,255,2,383,1146,"RFP","Airpore Medium 1"
"4595",5,929.728,66.448,7,255,2,383,1146,"RFP","Airpore Medium 2"
"4596",6,4123.441,58.381,3,255,2,383,1146,"RFP","Background"
"4597",1,929.728,3.842,0,24,1,384,1149,"CFP","Airpore Old 1"
"4598",2,929.728,6.969,0,39,1,384,1149,"CFP","Airpore Old 2"
"4599",3,929.728,3.771,0,31,1,384,1149,"CFP","Airpore Old 3"
"4600",4,929.728,7.565,0,35,1,384,1149,"CFP","Airpore Medium 1"
"4601",5,929.728,6.193,0,31,1,384,1149,"CFP","Airpore Medium 2"
"4602",6,4123.441,6.099,0,35,1,384,1149,"CFP","Background"
"4603",1,929.728,42.383,3,107,2,384,1149,"RFP","Airpore Old 1"
"4604",2,929.728,83.236,8,255,2,384,1149,"RFP","Airpore Old 2"
"4605",3,929.728,33.392,3,99,2,384,1149,"RFP","Airpore Old 3"
"4606",4,929.728,67.937,15,255,2,384,1149,"RFP","Airpore Medium 1"
"4607",5,929.728,66.142,12,255,2,384,1149,"RFP","Airpore Medium 2"
"4608",6,4123.441,58.324,3,255,2,384,1149,"RFP","Background"
"4609",1,929.728,3.792,0,24,1,385,1152,"CFP","Airpore Old 1"
"4610",2,929.728,7.244,0,43,1,385,1152,"CFP","Airpore Old 2"
"4611",3,929.728,3.609,0,23,1,385,1152,"CFP","Airpore Old 3"
"4612",4,929.728,7.584,0,37,1,385,1152,"CFP","Airpore Medium 1"
"4613",5,929.728,6.103,0,28,1,385,1152,"CFP","Airpore Medium 2"
"4614",6,4123.441,6.137,0,40,1,385,1152,"CFP","Background"
"4615",1,929.728,41.899,7,98,2,385,1152,"RFP","Airpore Old 1"
"4616",2,929.728,83.556,15,255,2,385,1152,"RFP","Airpore Old 2"
"4617",3,929.728,33.187,3,127,2,385,1152,"RFP","Airpore Old 3"
"4618",4,929.728,68.276,11,255,2,385,1152,"RFP","Airpore Medium 1"
"4619",5,929.728,66.278,11,255,2,385,1152,"RFP","Airpore Medium 2"
"4620",6,4123.441,57.694,0,255,2,385,1152,"RFP","Background"
"4621",1,929.728,3.659,0,20,1,386,1155,"CFP","Airpore Old 1"
"4622",2,929.728,7.001,0,40,1,386,1155,"CFP","Airpore Old 2"
"4623",3,929.728,3.737,0,24,1,386,1155,"CFP","Airpore Old 3"
"4624",4,929.728,7.747,0,50,1,386,1155,"CFP","Airpore Medium 1"
"4625",5,929.728,5.963,0,27,1,386,1155,"CFP","Airpore Medium 2"
"4626",6,4123.441,6.042,0,35,1,386,1155,"CFP","Background"
"4627",1,929.728,42.74,3,104,2,386,1155,"RFP","Airpore Old 1"
"4628",2,929.728,83.517,7,255,2,386,1155,"RFP","Airpore Old 2"
"4629",3,929.728,33.55,0,103,2,386,1155,"RFP","Airpore Old 3"
"4630",4,929.728,68.043,15,255,2,386,1155,"RFP","Airpore Medium 1"
"4631",5,929.728,65.754,12,255,2,386,1155,"RFP","Airpore Medium 2"
"4632",6,4123.441,57.424,3,255,2,386,1155,"RFP","Background"
"4633",1,929.728,3.852,0,23,1,387,1158,"CFP","Airpore Old 1"
"4634",2,929.728,7.272,0,39,1,387,1158,"CFP","Airpore Old 2"
"4635",3,929.728,3.774,0,24,1,387,1158,"CFP","Airpore Old 3"
"4636",4,929.728,7.566,0,55,1,387,1158,"CFP","Airpore Medium 1"
"4637",5,929.728,6.044,0,24,1,387,1158,"CFP","Airpore Medium 2"
"4638",6,4123.441,6.09,0,38,1,387,1158,"CFP","Background"
"4639",1,929.728,42.281,7,92,2,387,1158,"RFP","Airpore Old 1"
"4640",2,929.728,82.831,15,255,2,387,1158,"RFP","Airpore Old 2"
"4641",3,929.728,33.129,3,105,2,387,1158,"RFP","Airpore Old 3"
"4642",4,929.728,67.682,15,255,2,387,1158,"RFP","Airpore Medium 1"
"4643",5,929.728,65.8,7,255,2,387,1158,"RFP","Airpore Medium 2"
"4644",6,4123.441,57.793,3,255,2,387,1158,"RFP","Background"
"4645",1,929.728,3.756,0,24,1,388,1161,"CFP","Airpore Old 1"
"4646",2,929.728,7.019,0,43,1,388,1161,"CFP","Airpore Old 2"
"4647",3,929.728,3.762,0,27,1,388,1161,"CFP","Airpore Old 3"
"4648",4,929.728,7.689,0,34,1,388,1161,"CFP","Airpore Medium 1"
"4649",5,929.728,6.012,0,27,1,388,1161,"CFP","Airpore Medium 2"
"4650",6,4123.441,6.086,0,39,1,388,1161,"CFP","Background"
"4651",1,929.728,41.927,7,111,2,388,1161,"RFP","Airpore Old 1"
"4652",2,929.728,83.071,11,255,2,388,1161,"RFP","Airpore Old 2"
"4653",3,929.728,33.407,0,108,2,388,1161,"RFP","Airpore Old 3"
"4654",4,929.728,67.206,19,255,2,388,1161,"RFP","Airpore Medium 1"
"4655",5,929.728,64.881,11,255,2,388,1161,"RFP","Airpore Medium 2"
"4656",6,4123.441,57.24,3,255,2,388,1161,"RFP","Background"
"4657",1,929.728,3.807,0,27,1,389,1164,"CFP","Airpore Old 1"
"4658",2,929.728,6.985,0,41,1,389,1164,"CFP","Airpore Old 2"
"4659",3,929.728,3.725,0,27,1,389,1164,"CFP","Airpore Old 3"
"4660",4,929.728,7.609,0,31,1,389,1164,"CFP","Airpore Medium 1"
"4661",5,929.728,5.897,0,27,1,389,1164,"CFP","Airpore Medium 2"
"4662",6,4123.441,6.068,0,35,1,389,1164,"CFP","Background"
"4663",1,929.728,41.881,7,107,2,389,1164,"RFP","Airpore Old 1"
"4664",2,929.728,82.938,11,255,2,389,1164,"RFP","Airpore Old 2"
"4665",3,929.728,33.087,3,94,2,389,1164,"RFP","Airpore Old 3"
"4666",4,929.728,67.096,15,255,2,389,1164,"RFP","Airpore Medium 1"
"4667",5,929.728,65.843,15,255,2,389,1164,"RFP","Airpore Medium 2"
"4668",6,4123.441,57.531,3,255,2,389,1164,"RFP","Background"
"4669",1,929.728,3.681,0,23,1,390,1167,"CFP","Airpore Old 1"
"4670",2,929.728,7.135,0,34,1,390,1167,"CFP","Airpore Old 2"
"4671",3,929.728,3.637,0,21,1,390,1167,"CFP","Airpore Old 3"
"4672",4,929.728,7.686,0,51,1,390,1167,"CFP","Airpore Medium 1"
"4673",5,929.728,5.949,0,27,1,390,1167,"CFP","Airpore Medium 2"
"4674",6,4123.441,6.051,0,34,1,390,1167,"CFP","Background"
"4675",1,929.728,42.066,7,115,2,390,1167,"RFP","Airpore Old 1"
"4676",2,929.728,82.303,11,255,2,390,1167,"RFP","Airpore Old 2"
"4677",3,929.728,33.002,3,106,2,390,1167,"RFP","Airpore Old 3"
"4678",4,929.728,67.65,15,255,2,390,1167,"RFP","Airpore Medium 1"
"4679",5,929.728,66.184,12,255,2,390,1167,"RFP","Airpore Medium 2"
"4680",6,4123.441,57.218,3,255,2,390,1167,"RFP","Background"
"4681",1,929.728,3.888,0,27,1,391,1170,"CFP","Airpore Old 1"
"4682",2,929.728,7.019,0,39,1,391,1170,"CFP","Airpore Old 2"
"4683",3,929.728,3.676,0,20,1,391,1170,"CFP","Airpore Old 3"
"4684",4,929.728,7.814,0,54,1,391,1170,"CFP","Airpore Medium 1"
"4685",5,929.728,5.73,0,24,1,391,1170,"CFP","Airpore Medium 2"
"4686",6,4123.441,6.057,0,39,1,391,1170,"CFP","Background"
"4687",1,929.728,41.512,3,99,2,391,1170,"RFP","Airpore Old 1"
"4688",2,929.728,83.698,12,255,2,391,1170,"RFP","Airpore Old 2"
"4689",3,929.728,32.989,0,116,2,391,1170,"RFP","Airpore Old 3"
"4690",4,929.728,67.471,15,255,2,391,1170,"RFP","Airpore Medium 1"
"4691",5,929.728,66.354,15,255,2,391,1170,"RFP","Airpore Medium 2"
"4692",6,4123.441,57.371,0,255,2,391,1170,"RFP","Background"
"4693",1,929.728,3.522,0,23,1,392,1173,"CFP","Airpore Old 1"
"4694",2,929.728,7.085,0,57,1,392,1173,"CFP","Airpore Old 2"
"4695",3,929.728,3.688,0,27,1,392,1173,"CFP","Airpore Old 3"
"4696",4,929.728,7.526,0,35,1,392,1173,"CFP","Airpore Medium 1"
"4697",5,929.728,6.279,0,27,1,392,1173,"CFP","Airpore Medium 2"
"4698",6,4123.441,6.105,0,42,1,392,1173,"CFP","Background"
"4699",1,929.728,42.245,3,102,2,392,1173,"RFP","Airpore Old 1"
"4700",2,929.728,83.543,11,255,2,392,1173,"RFP","Airpore Old 2"
"4701",3,929.728,33.314,3,103,2,392,1173,"RFP","Airpore Old 3"
"4702",4,929.728,68.259,15,255,2,392,1173,"RFP","Airpore Medium 1"
"4703",5,929.728,66.659,12,255,2,392,1173,"RFP","Airpore Medium 2"
"4704",6,4123.441,57.377,3,255,2,392,1173,"RFP","Background"
"4705",1,929.728,3.733,0,37,1,393,1176,"CFP","Airpore Old 1"
"4706",2,929.728,7.103,0,36,1,393,1176,"CFP","Airpore Old 2"
"4707",3,929.728,3.998,0,40,1,393,1176,"CFP","Airpore Old 3"
"4708",4,929.728,7.693,0,31,1,393,1176,"CFP","Airpore Medium 1"
"4709",5,929.728,6.057,0,33,1,393,1176,"CFP","Airpore Medium 2"
"4710",6,4123.441,6.113,0,58,1,393,1176,"CFP","Background"
"4711",1,929.728,41.672,0,116,2,393,1176,"RFP","Airpore Old 1"
"4712",2,929.728,82.492,11,255,2,393,1176,"RFP","Airpore Old 2"
"4713",3,929.728,33.493,3,92,2,393,1176,"RFP","Airpore Old 3"
"4714",4,929.728,68.255,11,255,2,393,1176,"RFP","Airpore Medium 1"
"4715",5,929.728,65.876,8,255,2,393,1176,"RFP","Airpore Medium 2"
"4716",6,4123.441,57.395,3,255,2,393,1176,"RFP","Background"
"4717",1,929.728,3.703,0,24,1,394,1179,"CFP","Airpore Old 1"
"4718",2,929.728,7.093,0,31,1,394,1179,"CFP","Airpore Old 2"
"4719",3,929.728,3.816,0,20,1,394,1179,"CFP","Airpore Old 3"
"4720",4,929.728,7.547,0,31,1,394,1179,"CFP","Airpore Medium 1"
"4721",5,929.728,5.787,0,27,1,394,1179,"CFP","Airpore Medium 2"
"4722",6,4123.441,6.051,0,31,1,394,1179,"CFP","Background"
"4723",1,929.728,41.37,7,115,2,394,1179,"RFP","Airpore Old 1"
"4724",2,929.728,82.992,11,255,2,394,1179,"RFP","Airpore Old 2"
"4725",3,929.728,32.873,0,102,2,394,1179,"RFP","Airpore Old 3"
"4726",4,929.728,67.349,15,255,2,394,1179,"RFP","Airpore Medium 1"
"4727",5,929.728,66.555,15,255,2,394,1179,"RFP","Airpore Medium 2"
"4728",6,4123.441,57.215,3,255,2,394,1179,"RFP","Background"
"4729",1,929.728,3.748,0,27,1,395,1182,"CFP","Airpore Old 1"
"4730",2,929.728,7.11,0,31,1,395,1182,"CFP","Airpore Old 2"
"4731",3,929.728,3.696,0,23,1,395,1182,"CFP","Airpore Old 3"
"4732",4,929.728,7.647,0,32,1,395,1182,"CFP","Airpore Medium 1"
"4733",5,929.728,6.171,0,51,1,395,1182,"CFP","Airpore Medium 2"
"4734",6,4123.441,6.101,0,35,1,395,1182,"CFP","Background"
"4735",1,929.728,42.338,7,107,2,395,1182,"RFP","Airpore Old 1"
"4736",2,929.728,83.29,8,255,2,395,1182,"RFP","Airpore Old 2"
"4737",3,929.728,33.085,0,112,2,395,1182,"RFP","Airpore Old 3"
"4738",4,929.728,68.222,11,255,2,395,1182,"RFP","Airpore Medium 1"
"4739",5,929.728,65.869,8,255,2,395,1182,"RFP","Airpore Medium 2"
"4740",6,4123.441,57.409,3,255,2,395,1182,"RFP","Background"
"4741",1,929.728,3.687,0,24,1,396,1185,"CFP","Airpore Old 1"
"4742",2,929.728,7.245,0,31,1,396,1185,"CFP","Airpore Old 2"
"4743",3,929.728,3.695,0,27,1,396,1185,"CFP","Airpore Old 3"
"4744",4,929.728,7.322,0,43,1,396,1185,"CFP","Airpore Medium 1"
"4745",5,929.728,6.15,0,36,1,396,1185,"CFP","Airpore Medium 2"
"4746",6,4123.441,6.083,0,49,1,396,1185,"CFP","Background"
"4747",1,929.728,41.912,0,115,2,396,1185,"RFP","Airpore Old 1"
"4748",2,929.728,82.964,11,255,2,396,1185,"RFP","Airpore Old 2"
"4749",3,929.728,33.515,3,103,2,396,1185,"RFP","Airpore Old 3"
"4750",4,929.728,67.625,15,255,2,396,1185,"RFP","Airpore Medium 1"
"4751",5,929.728,66.136,12,255,2,396,1185,"RFP","Airpore Medium 2"
"4752",6,4123.441,57.091,3,255,2,396,1185,"RFP","Background"
"4753",1,929.728,3.676,0,24,1,397,1188,"CFP","Airpore Old 1"
"4754",2,929.728,6.999,0,38,1,397,1188,"CFP","Airpore Old 2"
"4755",3,929.728,3.692,0,23,1,397,1188,"CFP","Airpore Old 3"
"4756",4,929.728,7.423,0,31,1,397,1188,"CFP","Airpore Medium 1"
"4757",5,929.728,6.003,0,38,1,397,1188,"CFP","Airpore Medium 2"
"4758",6,4123.441,6.071,0,35,1,397,1188,"CFP","Background"
"4759",1,929.728,41.444,3,133,2,397,1188,"RFP","Airpore Old 1"
"4760",2,929.728,83.667,11,255,2,397,1188,"RFP","Airpore Old 2"
"4761",3,929.728,33.161,3,99,2,397,1188,"RFP","Airpore Old 3"
"4762",4,929.728,66.638,15,255,2,397,1188,"RFP","Airpore Medium 1"
"4763",5,929.728,66.055,15,255,2,397,1188,"RFP","Airpore Medium 2"
"4764",6,4123.441,56.946,3,255,2,397,1188,"RFP","Background"
"4765",1,929.728,3.664,0,32,1,398,1191,"CFP","Airpore Old 1"
"4766",2,929.728,6.957,0,35,1,398,1191,"CFP","Airpore Old 2"
"4767",3,929.728,3.888,0,24,1,398,1191,"CFP","Airpore Old 3"
"4768",4,929.728,7.646,0,31,1,398,1191,"CFP","Airpore Medium 1"
"4769",5,929.728,6.101,0,38,1,398,1191,"CFP","Airpore Medium 2"
"4770",6,4123.441,6.221,0,35,1,398,1191,"CFP","Background"
"4771",1,929.728,41.836,7,124,2,398,1191,"RFP","Airpore Old 1"
"4772",2,929.728,83.324,3,255,2,398,1191,"RFP","Airpore Old 2"
"4773",3,929.728,33.666,3,127,2,398,1191,"RFP","Airpore Old 3"
"4774",4,929.728,67.933,11,255,2,398,1191,"RFP","Airpore Medium 1"
"4775",5,929.728,66.632,11,255,2,398,1191,"RFP","Airpore Medium 2"
"4776",6,4123.441,57.215,3,255,2,398,1191,"RFP","Background"
"4777",1,929.728,3.692,0,19,1,399,1194,"CFP","Airpore Old 1"
"4778",2,929.728,7.212,0,39,1,399,1194,"CFP","Airpore Old 2"
"4779",3,929.728,3.794,0,23,1,399,1194,"CFP","Airpore Old 3"
"4780",4,929.728,7.625,0,27,1,399,1194,"CFP","Airpore Medium 1"
"4781",5,929.728,5.969,0,35,1,399,1194,"CFP","Airpore Medium 2"
"4782",6,4123.441,6.08,0,40,1,399,1194,"CFP","Background"
"4783",1,929.728,41.894,7,105,2,399,1194,"RFP","Airpore Old 1"
"4784",2,929.728,83.025,11,255,2,399,1194,"RFP","Airpore Old 2"
"4785",3,929.728,33.303,0,99,2,399,1194,"RFP","Airpore Old 3"
"4786",4,929.728,67.913,11,255,2,399,1194,"RFP","Airpore Medium 1"
"4787",5,929.728,66.198,15,255,2,399,1194,"RFP","Airpore Medium 2"
"4788",6,4123.441,57.004,3,255,2,399,1194,"RFP","Background"
"4789",1,929.728,3.619,0,24,1,400,1197,"CFP","Airpore Old 1"
"4790",2,929.728,7.153,0,40,1,400,1197,"CFP","Airpore Old 2"
"4791",3,929.728,3.761,0,23,1,400,1197,"CFP","Airpore Old 3"
"4792",4,929.728,7.535,0,49,1,400,1197,"CFP","Airpore Medium 1"
"4793",5,929.728,6.068,0,28,1,400,1197,"CFP","Airpore Medium 2"
"4794",6,4123.441,6.031,0,40,1,400,1197,"CFP","Background"
"4795",1,929.728,41.392,3,98,2,400,1197,"RFP","Airpore Old 1"
"4796",2,929.728,83.598,11,255,2,400,1197,"RFP","Airpore Old 2"
"4797",3,929.728,32.544,0,108,2,400,1197,"RFP","Airpore Old 3"
"4798",4,929.728,67.566,11,255,2,400,1197,"RFP","Airpore Medium 1"
"4799",5,929.728,66.642,15,255,2,400,1197,"RFP","Airpore Medium 2"
"4800",6,4123.441,57.101,3,255,2,400,1197,"RFP","Background"
"4801",1,929.728,3.768,0,23,1,401,1200,"CFP","Airpore Old 1"
"4802",2,929.728,7.029,0,31,1,401,1200,"CFP","Airpore Old 2"
"4803",3,929.728,3.722,0,24,1,401,1200,"CFP","Airpore Old 3"
"4804",4,929.728,7.705,0,34,1,401,1200,"CFP","Airpore Medium 1"
"4805",5,929.728,6.077,0,27,1,401,1200,"CFP","Airpore Medium 2"
"4806",6,4123.441,5.982,0,43,1,401,1200,"CFP","Background"
"4807",1,929.728,41.885,3,119,2,401,1200,"RFP","Airpore Old 1"
"4808",2,929.728,83.368,7,255,2,401,1200,"RFP","Airpore Old 2"
"4809",3,929.728,33.446,0,99,2,401,1200,"RFP","Airpore Old 3"
"4810",4,929.728,67.617,15,255,2,401,1200,"RFP","Airpore Medium 1"
"4811",5,929.728,65.63,15,255,2,401,1200,"RFP","Airpore Medium 2"
"4812",6,4123.441,56.691,3,255,2,401,1200,"RFP","Background"
"4813",1,929.728,3.573,0,23,1,402,1203,"CFP","Airpore Old 1"
"4814",2,929.728,7.135,0,34,1,402,1203,"CFP","Airpore Old 2"
"4815",3,929.728,3.921,0,27,1,402,1203,"CFP","Airpore Old 3"
"4816",4,929.728,7.718,0,35,1,402,1203,"CFP","Airpore Medium 1"
"4817",5,929.728,5.938,0,27,1,402,1203,"CFP","Airpore Medium 2"
"4818",6,4123.441,5.985,0,50,1,402,1203,"CFP","Background"
"4819",1,929.728,41.373,7,105,2,402,1203,"RFP","Airpore Old 1"
"4820",2,929.728,83.57,11,255,2,402,1203,"RFP","Airpore Old 2"
"4821",3,929.728,32.615,3,111,2,402,1203,"RFP","Airpore Old 3"
"4822",4,929.728,68.899,8,255,2,402,1203,"RFP","Airpore Medium 1"
"4823",5,929.728,64.615,11,255,2,402,1203,"RFP","Airpore Medium 2"
"4824",6,4123.441,56.584,3,255,2,402,1203,"RFP","Background"
"4825",1,929.728,3.81,0,24,1,403,1206,"CFP","Airpore Old 1"
"4826",2,929.728,7.256,0,41,1,403,1206,"CFP","Airpore Old 2"
"4827",3,929.728,3.817,0,23,1,403,1206,"CFP","Airpore Old 3"
"4828",4,929.728,7.501,0,31,1,403,1206,"CFP","Airpore Medium 1"
"4829",5,929.728,5.988,0,35,1,403,1206,"CFP","Airpore Medium 2"
"4830",6,4123.441,5.918,0,39,1,403,1206,"CFP","Background"
"4831",1,929.728,40.367,7,103,2,403,1206,"RFP","Airpore Old 1"
"4832",2,929.728,83.164,12,255,2,403,1206,"RFP","Airpore Old 2"
"4833",3,929.728,32.687,0,114,2,403,1206,"RFP","Airpore Old 3"
"4834",4,929.728,67.349,11,255,2,403,1206,"RFP","Airpore Medium 1"
"4835",5,929.728,65.69,15,255,2,403,1206,"RFP","Airpore Medium 2"
"4836",6,4123.441,56.194,3,255,2,403,1206,"RFP","Background"
"4837",1,929.728,3.662,0,19,1,404,1209,"CFP","Airpore Old 1"
"4838",2,929.728,7.041,0,35,1,404,1209,"CFP","Airpore Old 2"
"4839",3,929.728,3.608,0,27,1,404,1209,"CFP","Airpore Old 3"
"4840",4,929.728,7.711,0,42,1,404,1209,"CFP","Airpore Medium 1"
"4841",5,929.728,5.917,0,36,1,404,1209,"CFP","Airpore Medium 2"
"4842",6,4123.441,5.9,0,47,1,404,1209,"CFP","Background"
"4843",1,929.728,40.93,3,96,2,404,1209,"RFP","Airpore Old 1"
"4844",2,929.728,82.005,15,255,2,404,1209,"RFP","Airpore Old 2"
"4845",3,929.728,33.052,0,115,2,404,1209,"RFP","Airpore Old 3"
"4846",4,929.728,67.765,11,255,2,404,1209,"RFP","Airpore Medium 1"
"4847",5,929.728,66.205,15,255,2,404,1209,"RFP","Airpore Medium 2"
"4848",6,4123.441,56.157,3,255,2,404,1209,"RFP","Background"
"4849",1,929.728,3.606,0,20,1,405,1212,"CFP","Airpore Old 1"
"4850",2,929.728,7.032,0,42,1,405,1212,"CFP","Airpore Old 2"
"4851",3,929.728,3.862,0,59,1,405,1212,"CFP","Airpore Old 3"
"4852",4,929.728,7.392,0,35,1,405,1212,"CFP","Airpore Medium 1"
"4853",5,929.728,6.117,0,31,1,405,1212,"CFP","Airpore Medium 2"
"4854",6,4123.441,6.077,0,31,1,405,1212,"CFP","Background"
"4855",1,929.728,40.281,3,111,2,405,1212,"RFP","Airpore Old 1"
"4856",2,929.728,81.855,7,255,2,405,1212,"RFP","Airpore Old 2"
"4857",3,929.728,32.664,3,110,2,405,1212,"RFP","Airpore Old 3"
"4858",4,929.728,67.802,15,255,2,405,1212,"RFP","Airpore Medium 1"
"4859",5,929.728,65.423,7,255,2,405,1212,"RFP","Airpore Medium 2"
"4860",6,4123.441,56.02,3,255,2,405,1212,"RFP","Background"
"4861",1,929.728,3.592,0,24,1,406,1215,"CFP","Airpore Old 1"
"4862",2,929.728,7.076,0,39,1,406,1215,"CFP","Airpore Old 2"
"4863",3,929.728,3.786,0,23,1,406,1215,"CFP","Airpore Old 3"
"4864",4,929.728,7.655,0,48,1,406,1215,"CFP","Airpore Medium 1"
"4865",5,929.728,5.947,0,34,1,406,1215,"CFP","Airpore Medium 2"
"4866",6,4123.441,5.921,0,46,1,406,1215,"CFP","Background"
"4867",1,929.728,40.254,7,107,2,406,1215,"RFP","Airpore Old 1"
"4868",2,929.728,84.167,8,255,2,406,1215,"RFP","Airpore Old 2"
"4869",3,929.728,33.208,3,121,2,406,1215,"RFP","Airpore Old 3"
"4870",4,929.728,67.872,15,255,2,406,1215,"RFP","Airpore Medium 1"
"4871",5,929.728,65.777,16,255,2,406,1215,"RFP","Airpore Medium 2"
"4872",6,4123.441,56.211,3,255,2,406,1215,"RFP","Background"
"4873",1,929.728,3.844,0,31,1,407,1218,"CFP","Airpore Old 1"
"4874",2,929.728,6.954,0,39,1,407,1218,"CFP","Airpore Old 2"
"4875",3,929.728,3.797,0,27,1,407,1218,"CFP","Airpore Old 3"
"4876",4,929.728,7.663,0,36,1,407,1218,"CFP","Airpore Medium 1"
"4877",5,929.728,5.887,0,44,1,407,1218,"CFP","Airpore Medium 2"
"4878",6,4123.441,5.977,0,36,1,407,1218,"CFP","Background"
"4879",1,929.728,40.694,3,122,2,407,1218,"RFP","Airpore Old 1"
"4880",2,929.728,82.404,8,255,2,407,1218,"RFP","Airpore Old 2"
"4881",3,929.728,33.098,0,102,2,407,1218,"RFP","Airpore Old 3"
"4882",4,929.728,68.711,15,255,2,407,1218,"RFP","Airpore Medium 1"
"4883",5,929.728,66.009,12,255,2,407,1218,"RFP","Airpore Medium 2"
"4884",6,4123.441,56.503,0,255,2,407,1218,"RFP","Background"
"4885",1,929.728,3.595,0,27,1,408,1221,"CFP","Airpore Old 1"
"4886",2,929.728,7.007,0,47,1,408,1221,"CFP","Airpore Old 2"
"4887",3,929.728,3.665,0,58,1,408,1221,"CFP","Airpore Old 3"
"4888",4,929.728,7.416,0,27,1,408,1221,"CFP","Airpore Medium 1"
"4889",5,929.728,6.088,0,42,1,408,1221,"CFP","Airpore Medium 2"
"4890",6,4123.441,5.941,0,43,1,408,1221,"CFP","Background"
"4891",1,929.728,40.648,7,141,2,408,1221,"RFP","Airpore Old 1"
"4892",2,929.728,82.752,8,255,2,408,1221,"RFP","Airpore Old 2"
"4893",3,929.728,33.225,0,126,2,408,1221,"RFP","Airpore Old 3"
"4894",4,929.728,68.611,12,255,2,408,1221,"RFP","Airpore Medium 1"
"4895",5,929.728,66.496,11,255,2,408,1221,"RFP","Airpore Medium 2"
"4896",6,4123.441,56.428,0,255,2,408,1221,"RFP","Background"
"4897",1,929.728,3.488,0,24,1,409,1224,"CFP","Airpore Old 1"
"4898",2,929.728,6.995,0,35,1,409,1224,"CFP","Airpore Old 2"
"4899",3,929.728,3.742,0,38,1,409,1224,"CFP","Airpore Old 3"
"4900",4,929.728,7.622,0,40,1,409,1224,"CFP","Airpore Medium 1"
"4901",5,929.728,6.114,0,31,1,409,1224,"CFP","Airpore Medium 2"
"4902",6,4123.441,6.075,0,51,1,409,1224,"CFP","Background"
"4903",1,929.728,40.93,7,105,2,409,1224,"RFP","Airpore Old 1"
"4904",2,929.728,82.739,11,255,2,409,1224,"RFP","Airpore Old 2"
"4905",3,929.728,32.944,0,111,2,409,1224,"RFP","Airpore Old 3"
"4906",4,929.728,67.74,7,255,2,409,1224,"RFP","Airpore Medium 1"
"4907",5,929.728,66.001,7,255,2,409,1224,"RFP","Airpore Medium 2"
"4908",6,4123.441,56.392,3,255,2,409,1224,"RFP","Background"
"4909",1,929.728,3.527,0,23,1,410,1227,"CFP","Airpore Old 1"
"4910",2,929.728,7.07,0,43,1,410,1227,"CFP","Airpore Old 2"
"4911",3,929.728,3.68,0,27,1,410,1227,"CFP","Airpore Old 3"
"4912",4,929.728,7.653,0,34,1,410,1227,"CFP","Airpore Medium 1"
"4913",5,929.728,5.999,0,27,1,410,1227,"CFP","Airpore Medium 2"
"4914",6,4123.441,5.918,0,68,1,410,1227,"CFP","Background"
"4915",1,929.728,41.03,7,110,2,410,1227,"RFP","Airpore Old 1"
"4916",2,929.728,82.358,8,255,2,410,1227,"RFP","Airpore Old 2"
"4917",3,929.728,32.773,3,96,2,410,1227,"RFP","Airpore Old 3"
"4918",4,929.728,69.198,11,255,2,410,1227,"RFP","Airpore Medium 1"
"4919",5,929.728,66.588,15,255,2,410,1227,"RFP","Airpore Medium 2"
"4920",6,4123.441,56.534,3,255,2,410,1227,"RFP","Background"
"4921",1,929.728,3.69,0,24,1,411,1230,"CFP","Airpore Old 1"
"4922",2,929.728,6.825,0,36,1,411,1230,"CFP","Airpore Old 2"
"4923",3,929.728,3.711,0,24,1,411,1230,"CFP","Airpore Old 3"
"4924",4,929.728,7.413,0,35,1,411,1230,"CFP","Airpore Medium 1"
"4925",5,929.728,5.92,0,24,1,411,1230,"CFP","Airpore Medium 2"
"4926",6,4123.441,5.912,0,32,1,411,1230,"CFP","Background"
"4927",1,929.728,41.021,3,105,2,411,1230,"RFP","Airpore Old 1"
"4928",2,929.728,84.256,11,255,2,411,1230,"RFP","Airpore Old 2"
"4929",3,929.728,33.139,3,103,2,411,1230,"RFP","Airpore Old 3"
"4930",4,929.728,67.993,15,255,2,411,1230,"RFP","Airpore Medium 1"
"4931",5,929.728,66.319,11,255,2,411,1230,"RFP","Airpore Medium 2"
"4932",6,4123.441,56.621,3,255,2,411,1230,"RFP","Background"
"4933",1,929.728,3.613,0,20,1,412,1233,"CFP","Airpore Old 1"
"4934",2,929.728,7.177,0,44,1,412,1233,"CFP","Airpore Old 2"
"4935",3,929.728,3.86,0,27,1,412,1233,"CFP","Airpore Old 3"
"4936",4,929.728,7.549,0,50,1,412,1233,"CFP","Airpore Medium 1"
"4937",5,929.728,6.021,0,27,1,412,1233,"CFP","Airpore Medium 2"
"4938",6,4123.441,5.893,0,39,1,412,1233,"CFP","Background"
"4939",1,929.728,40.14,3,108,2,412,1233,"RFP","Airpore Old 1"
"4940",2,929.728,83.645,11,255,2,412,1233,"RFP","Airpore Old 2"
"4941",3,929.728,33.001,3,114,2,412,1233,"RFP","Airpore Old 3"
"4942",4,929.728,68.878,11,255,2,412,1233,"RFP","Airpore Medium 1"
"4943",5,929.728,66.087,11,255,2,412,1233,"RFP","Airpore Medium 2"
"4944",6,4123.441,56.174,3,255,2,412,1233,"RFP","Background"
"4945",1,929.728,3.787,0,27,1,413,1236,"CFP","Airpore Old 1"
"4946",2,929.728,7.086,0,39,1,413,1236,"CFP","Airpore Old 2"
"4947",3,929.728,3.685,0,32,1,413,1236,"CFP","Airpore Old 3"
"4948",4,929.728,7.432,0,43,1,413,1236,"CFP","Airpore Medium 1"
"4949",5,929.728,6.038,0,27,1,413,1236,"CFP","Airpore Medium 2"
"4950",6,4123.441,5.891,0,41,1,413,1236,"CFP","Background"
"4951",1,929.728,40.708,7,131,2,413,1236,"RFP","Airpore Old 1"
"4952",2,929.728,83.105,7,255,2,413,1236,"RFP","Airpore Old 2"
"4953",3,929.728,33.145,0,120,2,413,1236,"RFP","Airpore Old 3"
"4954",4,929.728,68.323,15,255,2,413,1236,"RFP","Airpore Medium 1"
"4955",5,929.728,66.318,12,255,2,413,1236,"RFP","Airpore Medium 2"
"4956",6,4123.441,56.274,3,255,2,413,1236,"RFP","Background"
"4957",1,929.728,3.566,0,24,1,414,1239,"CFP","Airpore Old 1"
"4958",2,929.728,7,0,35,1,414,1239,"CFP","Airpore Old 2"
"4959",3,929.728,3.852,0,24,1,414,1239,"CFP","Airpore Old 3"
"4960",4,929.728,7.588,0,35,1,414,1239,"CFP","Airpore Medium 1"
"4961",5,929.728,5.861,0,27,1,414,1239,"CFP","Airpore Medium 2"
"4962",6,4123.441,5.928,0,43,1,414,1239,"CFP","Background"
"4963",1,929.728,40.289,7,91,2,414,1239,"RFP","Airpore Old 1"
"4964",2,929.728,83.417,8,255,2,414,1239,"RFP","Airpore Old 2"
"4965",3,929.728,33.196,0,128,2,414,1239,"RFP","Airpore Old 3"
"4966",4,929.728,68.337,19,255,2,414,1239,"RFP","Airpore Medium 1"
"4967",5,929.728,66.287,15,255,2,414,1239,"RFP","Airpore Medium 2"
"4968",6,4123.441,56.049,0,255,2,414,1239,"RFP","Background"
"4969",1,929.728,3.633,0,24,1,415,1242,"CFP","Airpore Old 1"
"4970",2,929.728,6.913,0,31,1,415,1242,"CFP","Airpore Old 2"
"4971",3,929.728,3.703,0,24,1,415,1242,"CFP","Airpore Old 3"
"4972",4,929.728,7.654,0,39,1,415,1242,"CFP","Airpore Medium 1"
"4973",5,929.728,5.999,0,39,1,415,1242,"CFP","Airpore Medium 2"
"4974",6,4123.441,5.922,0,43,1,415,1242,"CFP","Background"
"4975",1,929.728,40.501,3,108,2,415,1242,"RFP","Airpore Old 1"
"4976",2,929.728,83.956,3,255,2,415,1242,"RFP","Airpore Old 2"
"4977",3,929.728,32.872,3,120,2,415,1242,"RFP","Airpore Old 3"
"4978",4,929.728,68.345,15,255,2,415,1242,"RFP","Airpore Medium 1"
"4979",5,929.728,65.961,12,255,2,415,1242,"RFP","Airpore Medium 2"
"4980",6,4123.441,56.345,3,255,2,415,1242,"RFP","Background"
"4981",1,929.728,3.595,0,23,1,416,1245,"CFP","Airpore Old 1"
"4982",2,929.728,7.091,0,42,1,416,1245,"CFP","Airpore Old 2"
"4983",3,929.728,3.769,0,35,1,416,1245,"CFP","Airpore Old 3"
"4984",4,929.728,7.481,0,39,1,416,1245,"CFP","Airpore Medium 1"
"4985",5,929.728,6.07,0,35,1,416,1245,"CFP","Airpore Medium 2"
"4986",6,4123.441,6,0,36,1,416,1245,"CFP","Background"
"4987",1,929.728,40.841,7,103,2,416,1245,"RFP","Airpore Old 1"
"4988",2,929.728,82.726,3,255,2,416,1245,"RFP","Airpore Old 2"
"4989",3,929.728,32.903,0,102,2,416,1245,"RFP","Airpore Old 3"
"4990",4,929.728,68.137,12,255,2,416,1245,"RFP","Airpore Medium 1"
"4991",5,929.728,65.984,12,255,2,416,1245,"RFP","Airpore Medium 2"
"4992",6,4123.441,56.104,3,255,2,416,1245,"RFP","Background"
"4993",1,929.728,3.541,0,23,1,417,1248,"CFP","Airpore Old 1"
"4994",2,929.728,6.915,0,42,1,417,1248,"CFP","Airpore Old 2"
"4995",3,929.728,3.911,0,27,1,417,1248,"CFP","Airpore Old 3"
"4996",4,929.728,7.734,0,31,1,417,1248,"CFP","Airpore Medium 1"
"4997",5,929.728,5.943,0,60,1,417,1248,"CFP","Airpore Medium 2"
"4998",6,4123.441,5.888,0,40,1,417,1248,"CFP","Background"
"4999",1,929.728,40.543,3,122,2,417,1248,"RFP","Airpore Old 1"
"5000",2,929.728,82.834,12,255,2,417,1248,"RFP","Airpore Old 2"
"5001",3,929.728,32.556,3,108,2,417,1248,"RFP","Airpore Old 3"
"5002",4,929.728,68.714,15,255,2,417,1248,"RFP","Airpore Medium 1"
"5003",5,929.728,65.852,15,255,2,417,1248,"RFP","Airpore Medium 2"
"5004",6,4123.441,55.862,3,255,2,417,1248,"RFP","Background"
"5005",1,929.728,3.519,0,43,1,418,1251,"CFP","Airpore Old 1"
"5006",2,929.728,6.898,0,34,1,418,1251,"CFP","Airpore Old 2"
"5007",3,929.728,3.787,0,20,1,418,1251,"CFP","Airpore Old 3"
"5008",4,929.728,7.496,0,31,1,418,1251,"CFP","Airpore Medium 1"
"5009",5,929.728,5.829,0,27,1,418,1251,"CFP","Airpore Medium 2"
"5010",6,4123.441,5.894,0,39,1,418,1251,"CFP","Background"
"5011",1,929.728,40.363,7,121,2,418,1251,"RFP","Airpore Old 1"
"5012",2,929.728,82.523,7,255,2,418,1251,"RFP","Airpore Old 2"
"5013",3,929.728,32.504,3,123,2,418,1251,"RFP","Airpore Old 3"
"5014",4,929.728,68.067,15,255,2,418,1251,"RFP","Airpore Medium 1"
"5015",5,929.728,65.875,11,255,2,418,1251,"RFP","Airpore Medium 2"
"5016",6,4123.441,55.709,3,255,2,418,1251,"RFP","Background"
"5017",1,929.728,3.604,0,23,1,419,1254,"CFP","Airpore Old 1"
"5018",2,929.728,7.075,0,39,1,419,1254,"CFP","Airpore Old 2"
"5019",3,929.728,3.63,0,23,1,419,1254,"CFP","Airpore Old 3"
"5020",4,929.728,7.397,0,34,1,419,1254,"CFP","Airpore Medium 1"
"5021",5,929.728,5.873,0,35,1,419,1254,"CFP","Airpore Medium 2"
"5022",6,4123.441,5.832,0,35,1,419,1254,"CFP","Background"
"5023",1,929.728,40.184,3,112,2,419,1254,"RFP","Airpore Old 1"
"5024",2,929.728,82.6,7,255,2,419,1254,"RFP","Airpore Old 2"
"5025",3,929.728,32.915,0,104,2,419,1254,"RFP","Airpore Old 3"
"5026",4,929.728,68.638,15,255,2,419,1254,"RFP","Airpore Medium 1"
"5027",5,929.728,65.484,15,243,2,419,1254,"RFP","Airpore Medium 2"
"5028",6,4123.441,55.729,3,255,2,419,1254,"RFP","Background"
"5029",1,929.728,3.713,0,25,1,420,1257,"CFP","Airpore Old 1"
"5030",2,929.728,7.174,0,47,1,420,1257,"CFP","Airpore Old 2"
"5031",3,929.728,3.731,0,27,1,420,1257,"CFP","Airpore Old 3"
"5032",4,929.728,7.633,0,35,1,420,1257,"CFP","Airpore Medium 1"
"5033",5,929.728,5.832,0,35,1,420,1257,"CFP","Airpore Medium 2"
"5034",6,4123.441,5.831,0,42,1,420,1257,"CFP","Background"
"5035",1,929.728,39.439,7,96,2,420,1257,"RFP","Airpore Old 1"
"5036",2,929.728,82.666,7,255,2,420,1257,"RFP","Airpore Old 2"
"5037",3,929.728,32.866,0,126,2,420,1257,"RFP","Airpore Old 3"
"5038",4,929.728,68.661,15,255,2,420,1257,"RFP","Airpore Medium 1"
"5039",5,929.728,65.63,15,255,2,420,1257,"RFP","Airpore Medium 2"
"5040",6,4123.441,55.397,3,239,2,420,1257,"RFP","Background"
"5041",1,929.728,3.528,0,23,1,421,1260,"CFP","Airpore Old 1"
"5042",2,929.728,6.925,0,47,1,421,1260,"CFP","Airpore Old 2"
"5043",3,929.728,3.778,0,27,1,421,1260,"CFP","Airpore Old 3"
"5044",4,929.728,7.423,0,31,1,421,1260,"CFP","Airpore Medium 1"
"5045",5,929.728,5.75,0,27,1,421,1260,"CFP","Airpore Medium 2"
"5046",6,4123.441,5.86,0,35,1,421,1260,"CFP","Background"
"5047",1,929.728,39.859,3,96,2,421,1260,"RFP","Airpore Old 1"
"5048",2,929.728,83.331,12,255,2,421,1260,"RFP","Airpore Old 2"
"5049",3,929.728,33.121,0,111,2,421,1260,"RFP","Airpore Old 3"
"5050",4,929.728,68.698,15,255,2,421,1260,"RFP","Airpore Medium 1"
"5051",5,929.728,66.289,19,254,2,421,1260,"RFP","Airpore Medium 2"
"5052",6,4123.441,56.319,3,255,2,421,1260,"RFP","Background"
"5053",1,929.728,3.528,0,23,1,422,1263,"CFP","Airpore Old 1"
"5054",2,929.728,7.076,0,38,1,422,1263,"CFP","Airpore Old 2"
"5055",3,929.728,3.646,0,27,1,422,1263,"CFP","Airpore Old 3"
"5056",4,929.728,7.519,0,39,1,422,1263,"CFP","Airpore Medium 1"
"5057",5,929.728,6.052,0,44,1,422,1263,"CFP","Airpore Medium 2"
"5058",6,4123.441,5.805,0,35,1,422,1263,"CFP","Background"
"5059",1,929.728,39.528,3,100,2,422,1263,"RFP","Airpore Old 1"
"5060",2,929.728,82.274,12,255,2,422,1263,"RFP","Airpore Old 2"
"5061",3,929.728,33.31,3,116,2,422,1263,"RFP","Airpore Old 3"
"5062",4,929.728,68.205,15,255,2,422,1263,"RFP","Airpore Medium 1"
"5063",5,929.728,65.675,15,255,2,422,1263,"RFP","Airpore Medium 2"
"5064",6,4123.441,55.676,3,255,2,422,1263,"RFP","Background"
"5065",1,929.728,3.599,0,27,1,423,1266,"CFP","Airpore Old 1"
"5066",2,929.728,7.125,0,35,1,423,1266,"CFP","Airpore Old 2"
"5067",3,929.728,3.986,0,27,1,423,1266,"CFP","Airpore Old 3"
"5068",4,929.728,7.515,0,34,1,423,1266,"CFP","Airpore Medium 1"
"5069",5,929.728,6.066,0,27,1,423,1266,"CFP","Airpore Medium 2"
"5070",6,4123.441,5.828,0,40,1,423,1266,"CFP","Background"
"5071",1,929.728,39.918,7,99,2,423,1266,"RFP","Airpore Old 1"
"5072",2,929.728,82.823,7,255,2,423,1266,"RFP","Airpore Old 2"
"5073",3,929.728,32.617,0,125,2,423,1266,"RFP","Airpore Old 3"
"5074",4,929.728,68.263,16,255,2,423,1266,"RFP","Airpore Medium 1"
"5075",5,929.728,65.561,12,243,2,423,1266,"RFP","Airpore Medium 2"
"5076",6,4123.441,55.378,3,255,2,423,1266,"RFP","Background"
"5077",1,929.728,3.577,0,27,1,424,1269,"CFP","Airpore Old 1"
"5078",2,929.728,7.038,0,35,1,424,1269,"CFP","Airpore Old 2"
"5079",3,929.728,3.71,0,31,1,424,1269,"CFP","Airpore Old 3"
"5080",4,929.728,7.552,0,42,1,424,1269,"CFP","Airpore Medium 1"
"5081",5,929.728,5.81,0,27,1,424,1269,"CFP","Airpore Medium 2"
"5082",6,4123.441,5.867,0,35,1,424,1269,"CFP","Background"
"5083",1,929.728,40.276,3,95,2,424,1269,"RFP","Airpore Old 1"
"5084",2,929.728,83.646,12,255,2,424,1269,"RFP","Airpore Old 2"
"5085",3,929.728,33.076,0,104,2,424,1269,"RFP","Airpore Old 3"
"5086",4,929.728,68.915,11,255,2,424,1269,"RFP","Airpore Medium 1"
"5087",5,929.728,65.897,8,255,2,424,1269,"RFP","Airpore Medium 2"
"5088",6,4123.441,55.578,3,255,2,424,1269,"RFP","Background"
"5089",1,929.728,3.509,0,23,1,425,1272,"CFP","Airpore Old 1"
"5090",2,929.728,6.836,0,39,1,425,1272,"CFP","Airpore Old 2"
"5091",3,929.728,3.549,0,19,1,425,1272,"CFP","Airpore Old 3"
"5092",4,929.728,7.52,0,52,1,425,1272,"CFP","Airpore Medium 1"
"5093",5,929.728,6.112,0,27,1,425,1272,"CFP","Airpore Medium 2"
"5094",6,4123.441,5.814,0,46,1,425,1272,"CFP","Background"
"5095",1,929.728,39.59,7,98,2,425,1272,"RFP","Airpore Old 1"
"5096",2,929.728,82.27,11,255,2,425,1272,"RFP","Airpore Old 2"
"5097",3,929.728,32.894,0,121,2,425,1272,"RFP","Airpore Old 3"
"5098",4,929.728,68.972,11,255,2,425,1272,"RFP","Airpore Medium 1"
"5099",5,929.728,66.294,15,255,2,425,1272,"RFP","Airpore Medium 2"
"5100",6,4123.441,55.466,3,255,2,425,1272,"RFP","Background"
"5101",1,929.728,3.492,0,27,1,426,1275,"CFP","Airpore Old 1"
"5102",2,929.728,6.828,0,31,1,426,1275,"CFP","Airpore Old 2"
"5103",3,929.728,3.633,0,23,1,426,1275,"CFP","Airpore Old 3"
"5104",4,929.728,7.356,0,35,1,426,1275,"CFP","Airpore Medium 1"
"5105",5,929.728,5.967,0,47,1,426,1275,"CFP","Airpore Medium 2"
"5106",6,4123.441,5.823,0,32,1,426,1275,"CFP","Background"
"5107",1,929.728,40.183,3,96,2,426,1275,"RFP","Airpore Old 1"
"5108",2,929.728,82.292,12,255,2,426,1275,"RFP","Airpore Old 2"
"5109",3,929.728,32.844,3,124,2,426,1275,"RFP","Airpore Old 3"
"5110",4,929.728,68.834,15,255,2,426,1275,"RFP","Airpore Medium 1"
"5111",5,929.728,66.464,15,255,2,426,1275,"RFP","Airpore Medium 2"
"5112",6,4123.441,55.708,3,254,2,426,1275,"RFP","Background"
"5113",1,929.728,3.587,0,24,1,427,1278,"CFP","Airpore Old 1"
"5114",2,929.728,6.674,0,35,1,427,1278,"CFP","Airpore Old 2"
"5115",3,929.728,3.692,0,23,1,427,1278,"CFP","Airpore Old 3"
"5116",4,929.728,7.676,0,36,1,427,1278,"CFP","Airpore Medium 1"
"5117",5,929.728,5.844,0,23,1,427,1278,"CFP","Airpore Medium 2"
"5118",6,4123.441,5.854,0,35,1,427,1278,"CFP","Background"
"5119",1,929.728,39.713,3,108,2,427,1278,"RFP","Airpore Old 1"
"5120",2,929.728,83.8,11,255,2,427,1278,"RFP","Airpore Old 2"
"5121",3,929.728,32.58,3,101,2,427,1278,"RFP","Airpore Old 3"
"5122",4,929.728,68.802,15,255,2,427,1278,"RFP","Airpore Medium 1"
"5123",5,929.728,65.523,11,255,2,427,1278,"RFP","Airpore Medium 2"
"5124",6,4123.441,55.293,3,255,2,427,1278,"RFP","Background"
"5125",1,929.728,3.524,0,23,1,428,1281,"CFP","Airpore Old 1"
"5126",2,929.728,7.086,0,35,1,428,1281,"CFP","Airpore Old 2"
"5127",3,929.728,3.449,0,24,1,428,1281,"CFP","Airpore Old 3"
"5128",4,929.728,7.3,0,65,1,428,1281,"CFP","Airpore Medium 1"
"5129",5,929.728,5.902,0,28,1,428,1281,"CFP","Airpore Medium 2"
"5130",6,4123.441,5.86,0,43,1,428,1281,"CFP","Background"
"5131",1,929.728,39.956,7,112,2,428,1281,"RFP","Airpore Old 1"
"5132",2,929.728,82.829,8,255,2,428,1281,"RFP","Airpore Old 2"
"5133",3,929.728,32.616,3,101,2,428,1281,"RFP","Airpore Old 3"
"5134",4,929.728,69.323,11,255,2,428,1281,"RFP","Airpore Medium 1"
"5135",5,929.728,66.431,15,255,2,428,1281,"RFP","Airpore Medium 2"
"5136",6,4123.441,55.013,0,227,2,428,1281,"RFP","Background"
"5137",1,929.728,3.589,0,23,1,429,1284,"CFP","Airpore Old 1"
"5138",2,929.728,6.898,0,39,1,429,1284,"CFP","Airpore Old 2"
"5139",3,929.728,3.626,0,20,1,429,1284,"CFP","Airpore Old 3"
"5140",4,929.728,7.611,0,35,1,429,1284,"CFP","Airpore Medium 1"
"5141",5,929.728,5.774,0,39,1,429,1284,"CFP","Airpore Medium 2"
"5142",6,4123.441,5.78,0,35,1,429,1284,"CFP","Background"
"5143",1,929.728,39.465,7,100,2,429,1284,"RFP","Airpore Old 1"
"5144",2,929.728,83.062,11,255,2,429,1284,"RFP","Airpore Old 2"
"5145",3,929.728,32.839,0,104,2,429,1284,"RFP","Airpore Old 3"
"5146",4,929.728,68.494,15,255,2,429,1284,"RFP","Airpore Medium 1"
"5147",5,929.728,65.786,7,221,2,429,1284,"RFP","Airpore Medium 2"
"5148",6,4123.441,55.259,0,255,2,429,1284,"RFP","Background"
"5149",1,929.728,3.619,0,23,1,430,1287,"CFP","Airpore Old 1"
"5150",2,929.728,6.835,0,35,1,430,1287,"CFP","Airpore Old 2"
"5151",3,929.728,3.556,0,23,1,430,1287,"CFP","Airpore Old 3"
"5152",4,929.728,7.633,0,31,1,430,1287,"CFP","Airpore Medium 1"
"5153",5,929.728,5.815,0,27,1,430,1287,"CFP","Airpore Medium 2"
"5154",6,4123.441,5.802,0,35,1,430,1287,"CFP","Background"
"5155",1,929.728,39.756,3,129,2,430,1287,"RFP","Airpore Old 1"
"5156",2,929.728,82.091,11,255,2,430,1287,"RFP","Airpore Old 2"
"5157",3,929.728,32.889,3,111,2,430,1287,"RFP","Airpore Old 3"
"5158",4,929.728,67.799,8,255,2,430,1287,"RFP","Airpore Medium 1"
"5159",5,929.728,65.493,15,238,2,430,1287,"RFP","Airpore Medium 2"
"5160",6,4123.441,55.159,7,255,2,430,1287,"RFP","Background"
"5161",1,929.728,3.565,0,27,1,431,1290,"CFP","Airpore Old 1"
"5162",2,929.728,7.001,0,39,1,431,1290,"CFP","Airpore Old 2"
"5163",3,929.728,3.617,0,24,1,431,1290,"CFP","Airpore Old 3"
"5164",4,929.728,7.614,0,27,1,431,1290,"CFP","Airpore Medium 1"
"5165",5,929.728,6.143,0,27,1,431,1290,"CFP","Airpore Medium 2"
"5166",6,4123.441,5.778,0,62,1,431,1290,"CFP","Background"
"5167",1,929.728,39.166,7,161,2,431,1290,"RFP","Airpore Old 1"
"5168",2,929.728,84.104,8,255,2,431,1290,"RFP","Airpore Old 2"
"5169",3,929.728,32.461,0,100,2,431,1290,"RFP","Airpore Old 3"
"5170",4,929.728,68.358,15,255,2,431,1290,"RFP","Airpore Medium 1"
"5171",5,929.728,65.772,15,255,2,431,1290,"RFP","Airpore Medium 2"
"5172",6,4123.441,54.978,0,255,2,431,1290,"RFP","Background"
"5173",1,929.728,3.512,0,28,1,432,1293,"CFP","Airpore Old 1"
"5174",2,929.728,6.892,0,31,1,432,1293,"CFP","Airpore Old 2"
"5175",3,929.728,3.708,0,27,1,432,1293,"CFP","Airpore Old 3"
"5176",4,929.728,7.479,0,38,1,432,1293,"CFP","Airpore Medium 1"
"5177",5,929.728,6.021,0,31,1,432,1293,"CFP","Airpore Medium 2"
"5178",6,4123.441,5.804,0,33,1,432,1293,"CFP","Background"
"5179",1,929.728,38.891,7,87,2,432,1293,"RFP","Airpore Old 1"
"5180",2,929.728,82.111,11,255,2,432,1293,"RFP","Airpore Old 2"
"5181",3,929.728,32.817,0,119,2,432,1293,"RFP","Airpore Old 3"
"5182",4,929.728,68.664,12,255,2,432,1293,"RFP","Airpore Medium 1"
"5183",5,929.728,64.542,11,255,2,432,1293,"RFP","Airpore Medium 2"
"5184",6,4123.441,54.377,3,255,2,432,1293,"RFP","Background"
"5185",1,929.728,3.449,0,24,1,433,1296,"CFP","Airpore Old 1"
"5186",2,929.728,6.967,0,39,1,433,1296,"CFP","Airpore Old 2"
"5187",3,929.728,3.588,0,24,1,433,1296,"CFP","Airpore Old 3"
"5188",4,929.728,7.498,0,31,1,433,1296,"CFP","Airpore Medium 1"
"5189",5,929.728,5.822,0,32,1,433,1296,"CFP","Airpore Medium 2"
"5190",6,4123.441,5.807,0,35,1,433,1296,"CFP","Background"
"5191",1,929.728,38.629,3,103,2,433,1296,"RFP","Airpore Old 1"
"5192",2,929.728,81.894,7,255,2,433,1296,"RFP","Airpore Old 2"
"5193",3,929.728,32.331,0,130,2,433,1296,"RFP","Airpore Old 3"
"5194",4,929.728,68.146,15,255,2,433,1296,"RFP","Airpore Medium 1"
"5195",5,929.728,65.317,15,254,2,433,1296,"RFP","Airpore Medium 2"
"5196",6,4123.441,54.342,3,240,2,433,1296,"RFP","Background"
"5197",1,929.728,3.579,0,19,1,434,1299,"CFP","Airpore Old 1"
"5198",2,929.728,7.004,0,39,1,434,1299,"CFP","Airpore Old 2"
"5199",3,929.728,3.724,0,24,1,434,1299,"CFP","Airpore Old 3"
"5200",4,929.728,7.442,0,31,1,434,1299,"CFP","Airpore Medium 1"
"5201",5,929.728,5.905,0,28,1,434,1299,"CFP","Airpore Medium 2"
"5202",6,4123.441,5.786,0,39,1,434,1299,"CFP","Background"
"5203",1,929.728,38.839,3,145,2,434,1299,"RFP","Airpore Old 1"
"5204",2,929.728,81.717,7,255,2,434,1299,"RFP","Airpore Old 2"
"5205",3,929.728,32.491,0,110,2,434,1299,"RFP","Airpore Old 3"
"5206",4,929.728,68.289,19,255,2,434,1299,"RFP","Airpore Medium 1"
"5207",5,929.728,65.258,15,255,2,434,1299,"RFP","Airpore Medium 2"
"5208",6,4123.441,54.251,3,240,2,434,1299,"RFP","Background"
"5209",1,929.728,3.31,0,19,1,435,1302,"CFP","Airpore Old 1"
"5210",2,929.728,6.909,0,35,1,435,1302,"CFP","Airpore Old 2"
"5211",3,929.728,3.773,0,32,1,435,1302,"CFP","Airpore Old 3"
"5212",4,929.728,7.459,0,31,1,435,1302,"CFP","Airpore Medium 1"
"5213",5,929.728,5.906,0,35,1,435,1302,"CFP","Airpore Medium 2"
"5214",6,4123.441,5.805,0,44,1,435,1302,"CFP","Background"
"5215",1,929.728,38.714,7,103,2,435,1302,"RFP","Airpore Old 1"
"5216",2,929.728,83.138,8,255,2,435,1302,"RFP","Airpore Old 2"
"5217",3,929.728,32.577,0,117,2,435,1302,"RFP","Airpore Old 3"
"5218",4,929.728,69.009,15,255,2,435,1302,"RFP","Airpore Medium 1"
"5219",5,929.728,65.827,12,221,2,435,1302,"RFP","Airpore Medium 2"
"5220",6,4123.441,54.718,3,255,2,435,1302,"RFP","Background"
"5221",1,929.728,3.598,0,24,1,436,1305,"CFP","Airpore Old 1"
"5222",2,929.728,6.714,0,43,1,436,1305,"CFP","Airpore Old 2"
"5223",3,929.728,3.791,0,27,1,436,1305,"CFP","Airpore Old 3"
"5224",4,929.728,7.333,0,35,1,436,1305,"CFP","Airpore Medium 1"
"5225",5,929.728,5.685,0,40,1,436,1305,"CFP","Airpore Medium 2"
"5226",6,4123.441,5.737,0,35,1,436,1305,"CFP","Background"
"5227",1,929.728,39.374,7,120,2,436,1305,"RFP","Airpore Old 1"
"5228",2,929.728,83.769,11,255,2,436,1305,"RFP","Airpore Old 2"
"5229",3,929.728,32.762,3,100,2,436,1305,"RFP","Airpore Old 3"
"5230",4,929.728,69.298,12,255,2,436,1305,"RFP","Airpore Medium 1"
"5231",5,929.728,65.869,15,255,2,436,1305,"RFP","Airpore Medium 2"
"5232",6,4123.441,54.831,3,234,2,436,1305,"RFP","Background"
"5233",1,929.728,3.459,0,23,1,437,1308,"CFP","Airpore Old 1"
"5234",2,929.728,6.86,0,35,1,437,1308,"CFP","Airpore Old 2"
"5235",3,929.728,3.509,0,20,1,437,1308,"CFP","Airpore Old 3"
"5236",4,929.728,7.534,0,35,1,437,1308,"CFP","Airpore Medium 1"
"5237",5,929.728,5.944,0,31,1,437,1308,"CFP","Airpore Medium 2"
"5238",6,4123.441,5.79,0,35,1,437,1308,"CFP","Background"
"5239",1,929.728,38.965,3,120,2,437,1308,"RFP","Airpore Old 1"
"5240",2,929.728,82.824,15,255,2,437,1308,"RFP","Airpore Old 2"
"5241",3,929.728,32.667,0,115,2,437,1308,"RFP","Airpore Old 3"
"5242",4,929.728,68.859,15,255,2,437,1308,"RFP","Airpore Medium 1"
"5243",5,929.728,65.7,12,255,2,437,1308,"RFP","Airpore Medium 2"
"5244",6,4123.441,54.383,0,225,2,437,1308,"RFP","Background"
"5245",1,929.728,3.415,0,27,1,438,1311,"CFP","Airpore Old 1"
"5246",2,929.728,6.929,0,39,1,438,1311,"CFP","Airpore Old 2"
"5247",3,929.728,3.622,0,24,1,438,1311,"CFP","Airpore Old 3"
"5248",4,929.728,7.521,0,28,1,438,1311,"CFP","Airpore Medium 1"
"5249",5,929.728,6.161,0,34,1,438,1311,"CFP","Airpore Medium 2"
"5250",6,4123.441,5.792,0,34,1,438,1311,"CFP","Background"
"5251",1,929.728,38.624,3,99,2,438,1311,"RFP","Airpore Old 1"
"5252",2,929.728,81.866,11,255,2,438,1311,"RFP","Airpore Old 2"
"5253",3,929.728,32.465,3,123,2,438,1311,"RFP","Airpore Old 3"
"5254",4,929.728,68.629,11,255,2,438,1311,"RFP","Airpore Medium 1"
"5255",5,929.728,65.687,15,255,2,438,1311,"RFP","Airpore Medium 2"
"5256",6,4123.441,54.91,3,255,2,438,1311,"RFP","Background"
"5257",1,929.728,3.612,0,23,1,439,1314,"CFP","Airpore Old 1"
"5258",2,929.728,6.759,0,42,1,439,1314,"CFP","Airpore Old 2"
"5259",3,929.728,3.731,0,27,1,439,1314,"CFP","Airpore Old 3"
"5260",4,929.728,7.526,0,38,1,439,1314,"CFP","Airpore Medium 1"
"5261",5,929.728,5.761,0,27,1,439,1314,"CFP","Airpore Medium 2"
"5262",6,4123.441,5.735,0,35,1,439,1314,"CFP","Background"
"5263",1,929.728,38.23,7,96,2,439,1314,"RFP","Airpore Old 1"
"5264",2,929.728,82.864,7,255,2,439,1314,"RFP","Airpore Old 2"
"5265",3,929.728,32.314,3,100,2,439,1314,"RFP","Airpore Old 3"
"5266",4,929.728,69.122,19,255,2,439,1314,"RFP","Airpore Medium 1"
"5267",5,929.728,65.457,7,255,2,439,1314,"RFP","Airpore Medium 2"
"5268",6,4123.441,54.082,0,241,2,439,1314,"RFP","Background"
"5269",1,929.728,3.519,0,24,1,440,1317,"CFP","Airpore Old 1"
"5270",2,929.728,6.89,0,40,1,440,1317,"CFP","Airpore Old 2"
"5271",3,929.728,3.655,0,35,1,440,1317,"CFP","Airpore Old 3"
"5272",4,929.728,7.606,0,42,1,440,1317,"CFP","Airpore Medium 1"
"5273",5,929.728,6.083,0,27,1,440,1317,"CFP","Airpore Medium 2"
"5274",6,4123.441,5.662,0,35,1,440,1317,"CFP","Background"
"5275",1,929.728,38.402,3,112,2,440,1317,"RFP","Airpore Old 1"
"5276",2,929.728,82.621,8,255,2,440,1317,"RFP","Airpore Old 2"
"5277",3,929.728,32.368,3,124,2,440,1317,"RFP","Airpore Old 3"
"5278",4,929.728,69.364,15,255,2,440,1317,"RFP","Airpore Medium 1"
"5279",5,929.728,65.432,12,255,2,440,1317,"RFP","Airpore Medium 2"
"5280",6,4123.441,54.264,3,255,2,440,1317,"RFP","Background"
"5281",1,929.728,3.405,0,24,1,441,1320,"CFP","Airpore Old 1"
"5282",2,929.728,6.967,0,62,1,441,1320,"CFP","Airpore Old 2"
"5283",3,929.728,3.614,0,27,1,441,1320,"CFP","Airpore Old 3"
"5284",4,929.728,7.567,0,35,1,441,1320,"CFP","Airpore Medium 1"
"5285",5,929.728,6.119,0,32,1,441,1320,"CFP","Airpore Medium 2"
"5286",6,4123.441,5.714,0,31,1,441,1320,"CFP","Background"
"5287",1,929.728,37.932,3,96,2,441,1320,"RFP","Airpore Old 1"
"5288",2,929.728,82.046,7,255,2,441,1320,"RFP","Airpore Old 2"
"5289",3,929.728,32.662,3,131,2,441,1320,"RFP","Airpore Old 3"
"5290",4,929.728,69.253,11,255,2,441,1320,"RFP","Airpore Medium 1"
"5291",5,929.728,65.18,11,242,2,441,1320,"RFP","Airpore Medium 2"
"5292",6,4123.441,54.251,3,230,2,441,1320,"RFP","Background"
"5293",1,929.728,3.335,0,19,1,442,1323,"CFP","Airpore Old 1"
"5294",2,929.728,6.728,0,31,1,442,1323,"CFP","Airpore Old 2"
"5295",3,929.728,3.676,0,23,1,442,1323,"CFP","Airpore Old 3"
"5296",4,929.728,7.562,0,38,1,442,1323,"CFP","Airpore Medium 1"
"5297",5,929.728,5.894,0,35,1,442,1323,"CFP","Airpore Medium 2"
"5298",6,4123.441,5.65,0,38,1,442,1323,"CFP","Background"
"5299",1,929.728,37.787,3,99,2,442,1323,"RFP","Airpore Old 1"
"5300",2,929.728,82.712,15,255,2,442,1323,"RFP","Airpore Old 2"
"5301",3,929.728,32.8,3,115,2,442,1323,"RFP","Airpore Old 3"
"5302",4,929.728,68.854,15,255,2,442,1323,"RFP","Airpore Medium 1"
"5303",5,929.728,65.557,15,255,2,442,1323,"RFP","Airpore Medium 2"
"5304",6,4123.441,54.465,3,255,2,442,1323,"RFP","Background"
"5305",1,929.728,3.384,0,24,1,443,1326,"CFP","Airpore Old 1"
"5306",2,929.728,7.061,0,39,1,443,1326,"CFP","Airpore Old 2"
"5307",3,929.728,3.671,0,27,1,443,1326,"CFP","Airpore Old 3"
"5308",4,929.728,7.44,0,31,1,443,1326,"CFP","Airpore Medium 1"
"5309",5,929.728,6.009,0,31,1,443,1326,"CFP","Airpore Medium 2"
"5310",6,4123.441,5.734,0,36,1,443,1326,"CFP","Background"
"5311",1,929.728,38.847,7,105,2,443,1326,"RFP","Airpore Old 1"
"5312",2,929.728,82.519,7,255,2,443,1326,"RFP","Airpore Old 2"
"5313",3,929.728,32.334,3,115,2,443,1326,"RFP","Airpore Old 3"
"5314",4,929.728,68.977,12,255,2,443,1326,"RFP","Airpore Medium 1"
"5315",5,929.728,66.035,3,255,2,443,1326,"RFP","Airpore Medium 2"
"5316",6,4123.441,54.1,3,255,2,443,1326,"RFP","Background"
"5317",1,929.728,3.237,0,24,1,444,1329,"CFP","Airpore Old 1"
"5318",2,929.728,6.812,0,39,1,444,1329,"CFP","Airpore Old 2"
"5319",3,929.728,3.684,0,31,1,444,1329,"CFP","Airpore Old 3"
"5320",4,929.728,7.549,0,34,1,444,1329,"CFP","Airpore Medium 1"
"5321",5,929.728,5.919,0,31,1,444,1329,"CFP","Airpore Medium 2"
"5322",6,4123.441,5.676,0,32,1,444,1329,"CFP","Background"
"5323",1,929.728,38.66,3,111,2,444,1329,"RFP","Airpore Old 1"
"5324",2,929.728,82.661,12,255,2,444,1329,"RFP","Airpore Old 2"
"5325",3,929.728,32.377,3,128,2,444,1329,"RFP","Airpore Old 3"
"5326",4,929.728,68.882,15,255,2,444,1329,"RFP","Airpore Medium 1"
"5327",5,929.728,65.941,8,255,2,444,1329,"RFP","Airpore Medium 2"
"5328",6,4123.441,53.88,3,248,2,444,1329,"RFP","Background"
"5329",1,929.728,3.23,0,32,1,445,1332,"CFP","Airpore Old 1"
"5330",2,929.728,6.593,0,31,1,445,1332,"CFP","Airpore Old 2"
"5331",3,929.728,3.557,0,27,1,445,1332,"CFP","Airpore Old 3"
"5332",4,929.728,7.512,0,39,1,445,1332,"CFP","Airpore Medium 1"
"5333",5,929.728,5.79,0,39,1,445,1332,"CFP","Airpore Medium 2"
"5334",6,4123.441,5.673,0,40,1,445,1332,"CFP","Background"
"5335",1,929.728,38.214,7,91,2,445,1332,"RFP","Airpore Old 1"
"5336",2,929.728,83.138,7,255,2,445,1332,"RFP","Airpore Old 2"
"5337",3,929.728,32.545,0,131,2,445,1332,"RFP","Airpore Old 3"
"5338",4,929.728,69.464,15,255,2,445,1332,"RFP","Airpore Medium 1"
"5339",5,929.728,65.878,11,255,2,445,1332,"RFP","Airpore Medium 2"
"5340",6,4123.441,53.392,3,237,2,445,1332,"RFP","Background"
"5341",1,929.728,3.315,0,20,1,446,1335,"CFP","Airpore Old 1"
"5342",2,929.728,7.032,0,39,1,446,1335,"CFP","Airpore Old 2"
"5343",3,929.728,3.642,0,31,1,446,1335,"CFP","Airpore Old 3"
"5344",4,929.728,7.467,0,39,1,446,1335,"CFP","Airpore Medium 1"
"5345",5,929.728,6.02,0,27,1,446,1335,"CFP","Airpore Medium 2"
"5346",6,4123.441,5.645,0,39,1,446,1335,"CFP","Background"
"5347",1,929.728,38.334,3,163,2,446,1335,"RFP","Airpore Old 1"
"5348",2,929.728,82.847,11,255,2,446,1335,"RFP","Airpore Old 2"
"5349",3,929.728,32.376,3,104,2,446,1335,"RFP","Airpore Old 3"
"5350",4,929.728,68.643,11,255,2,446,1335,"RFP","Airpore Medium 1"
"5351",5,929.728,64.434,15,255,2,446,1335,"RFP","Airpore Medium 2"
"5352",6,4123.441,53.379,3,248,2,446,1335,"RFP","Background"
"5353",1,929.728,3.426,0,24,1,447,1338,"CFP","Airpore Old 1"
"5354",2,929.728,6.689,0,40,1,447,1338,"CFP","Airpore Old 2"
"5355",3,929.728,3.757,0,33,1,447,1338,"CFP","Airpore Old 3"
"5356",4,929.728,7.447,0,31,1,447,1338,"CFP","Airpore Medium 1"
"5357",5,929.728,5.792,0,36,1,447,1338,"CFP","Airpore Medium 2"
"5358",6,4123.441,5.551,0,40,1,447,1338,"CFP","Background"
"5359",1,929.728,37.16,3,100,2,447,1338,"RFP","Airpore Old 1"
"5360",2,929.728,82.172,12,255,2,447,1338,"RFP","Airpore Old 2"
"5361",3,929.728,31.796,0,107,2,447,1338,"RFP","Airpore Old 3"
"5362",4,929.728,68.268,19,255,2,447,1338,"RFP","Airpore Medium 1"
"5363",5,929.728,64.606,11,241,2,447,1338,"RFP","Airpore Medium 2"
"5364",6,4123.441,53.214,3,255,2,447,1338,"RFP","Background"
"5365",1,929.728,3.387,0,24,1,448,1341,"CFP","Airpore Old 1"
"5366",2,929.728,6.903,0,35,1,448,1341,"CFP","Airpore Old 2"
"5367",3,929.728,3.415,0,28,1,448,1341,"CFP","Airpore Old 3"
"5368",4,929.728,7.446,0,31,1,448,1341,"CFP","Airpore Medium 1"
"5369",5,929.728,5.879,0,31,1,448,1341,"CFP","Airpore Medium 2"
"5370",6,4123.441,5.554,0,31,1,448,1341,"CFP","Background"
"5371",1,929.728,37.753,3,99,2,448,1341,"RFP","Airpore Old 1"
"5372",2,929.728,81.703,7,255,2,448,1341,"RFP","Airpore Old 2"
"5373",3,929.728,32.072,3,147,2,448,1341,"RFP","Airpore Old 3"
"5374",4,929.728,68.171,15,255,2,448,1341,"RFP","Airpore Medium 1"
"5375",5,929.728,64.934,7,255,2,448,1341,"RFP","Airpore Medium 2"
"5376",6,4123.441,53.257,3,255,2,448,1341,"RFP","Background"
"5377",1,929.728,3.281,0,30,1,449,1344,"CFP","Airpore Old 1"
"5378",2,929.728,6.996,0,39,1,449,1344,"CFP","Airpore Old 2"
"5379",3,929.728,3.617,0,23,1,449,1344,"CFP","Airpore Old 3"
"5380",4,929.728,7.42,0,40,1,449,1344,"CFP","Airpore Medium 1"
"5381",5,929.728,5.855,0,31,1,449,1344,"CFP","Airpore Medium 2"
"5382",6,4123.441,5.697,0,35,1,449,1344,"CFP","Background"
"5383",1,929.728,36.791,3,99,2,449,1344,"RFP","Airpore Old 1"
"5384",2,929.728,81.498,11,255,2,449,1344,"RFP","Airpore Old 2"
"5385",3,929.728,32.256,3,116,2,449,1344,"RFP","Airpore Old 3"
"5386",4,929.728,69.497,15,255,2,449,1344,"RFP","Airpore Medium 1"
"5387",5,929.728,65.386,11,255,2,449,1344,"RFP","Airpore Medium 2"
"5388",6,4123.441,53.061,3,219,2,449,1344,"RFP","Background"
"5389",1,929.728,3.323,0,20,1,450,1347,"CFP","Airpore Old 1"
"5390",2,929.728,6.756,0,38,1,450,1347,"CFP","Airpore Old 2"
"5391",3,929.728,3.77,0,24,1,450,1347,"CFP","Airpore Old 3"
"5392",4,929.728,7.357,0,31,1,450,1347,"CFP","Airpore Medium 1"
"5393",5,929.728,5.852,0,27,1,450,1347,"CFP","Airpore Medium 2"
"5394",6,4123.441,5.666,0,39,1,450,1347,"CFP","Background"
"5395",1,929.728,37.906,3,99,2,450,1347,"RFP","Airpore Old 1"
"5396",2,929.728,82.387,7,255,2,450,1347,"RFP","Airpore Old 2"
"5397",3,929.728,32.027,0,124,2,450,1347,"RFP","Airpore Old 3"
"5398",4,929.728,68.511,12,255,2,450,1347,"RFP","Airpore Medium 1"
"5399",5,929.728,65.392,11,233,2,450,1347,"RFP","Airpore Medium 2"
"5400",6,4123.441,52.956,3,255,2,450,1347,"RFP","Background"
"5401",1,929.728,3.444,0,23,1,451,1350,"CFP","Airpore Old 1"
"5402",2,929.728,6.946,0,44,1,451,1350,"CFP","Airpore Old 2"
"5403",3,929.728,3.604,0,23,1,451,1350,"CFP","Airpore Old 3"
"5404",4,929.728,7.773,0,31,1,451,1350,"CFP","Airpore Medium 1"
"5405",5,929.728,5.938,0,34,1,451,1350,"CFP","Airpore Medium 2"
"5406",6,4123.441,5.592,0,32,1,451,1350,"CFP","Background"
"5407",1,929.728,37.546,7,96,2,451,1350,"RFP","Airpore Old 1"
"5408",2,929.728,82.216,11,255,2,451,1350,"RFP","Airpore Old 2"
"5409",3,929.728,31.972,3,102,2,451,1350,"RFP","Airpore Old 3"
"5410",4,929.728,69.871,8,255,2,451,1350,"RFP","Airpore Medium 1"
"5411",5,929.728,65.633,11,255,2,451,1350,"RFP","Airpore Medium 2"
"5412",6,4123.441,53.247,3,255,2,451,1350,"RFP","Background"
"5413",1,929.728,3.406,0,23,1,452,1353,"CFP","Airpore Old 1"
"5414",2,929.728,6.761,0,35,1,452,1353,"CFP","Airpore Old 2"
"5415",3,929.728,3.582,0,23,1,452,1353,"CFP","Airpore Old 3"
"5416",4,929.728,7.525,0,31,1,452,1353,"CFP","Airpore Medium 1"
"5417",5,929.728,5.924,0,27,1,452,1353,"CFP","Airpore Medium 2"
"5418",6,4123.441,5.629,0,36,1,452,1353,"CFP","Background"
"5419",1,929.728,38.227,7,92,2,452,1353,"RFP","Airpore Old 1"
"5420",2,929.728,82.856,7,255,2,452,1353,"RFP","Airpore Old 2"
"5421",3,929.728,32.621,0,111,2,452,1353,"RFP","Airpore Old 3"
"5422",4,929.728,68.501,7,255,2,452,1353,"RFP","Airpore Medium 1"
"5423",5,929.728,65.649,15,255,2,452,1353,"RFP","Airpore Medium 2"
"5424",6,4123.441,53.552,0,255,2,452,1353,"RFP","Background"
"5425",1,929.728,3.433,0,34,1,453,1356,"CFP","Airpore Old 1"
"5426",2,929.728,6.583,0,31,1,453,1356,"CFP","Airpore Old 2"
"5427",3,929.728,3.551,0,32,1,453,1356,"CFP","Airpore Old 3"
"5428",4,929.728,7.528,0,31,1,453,1356,"CFP","Airpore Medium 1"
"5429",5,929.728,5.93,0,35,1,453,1356,"CFP","Airpore Medium 2"
"5430",6,4123.441,5.611,0,65,1,453,1356,"CFP","Background"
"5431",1,929.728,38.24,3,95,2,453,1356,"RFP","Airpore Old 1"
"5432",2,929.728,81.846,11,255,2,453,1356,"RFP","Airpore Old 2"
"5433",3,929.728,32.344,3,97,2,453,1356,"RFP","Airpore Old 3"
"5434",4,929.728,70.103,12,255,2,453,1356,"RFP","Airpore Medium 1"
"5435",5,929.728,65.224,12,241,2,453,1356,"RFP","Airpore Medium 2"
"5436",6,4123.441,53.411,0,255,2,453,1356,"RFP","Background"
"5437",1,929.728,3.407,0,31,1,454,1359,"CFP","Airpore Old 1"
"5438",2,929.728,6.731,0,43,1,454,1359,"CFP","Airpore Old 2"
"5439",3,929.728,3.752,0,48,1,454,1359,"CFP","Airpore Old 3"
"5440",4,929.728,7.606,0,35,1,454,1359,"CFP","Airpore Medium 1"
"5441",5,929.728,5.957,0,31,1,454,1359,"CFP","Airpore Medium 2"
"5442",6,4123.441,5.599,0,39,1,454,1359,"CFP","Background"
"5443",1,929.728,36.917,7,111,2,454,1359,"RFP","Airpore Old 1"
"5444",2,929.728,82.008,7,255,2,454,1359,"RFP","Airpore Old 2"
"5445",3,929.728,31.551,3,111,2,454,1359,"RFP","Airpore Old 3"
"5446",4,929.728,68.166,15,255,2,454,1359,"RFP","Airpore Medium 1"
"5447",5,929.728,65.1,12,222,2,454,1359,"RFP","Airpore Medium 2"
"5448",6,4123.441,53.596,3,255,2,454,1359,"RFP","Background"
"5449",1,929.728,3.271,0,24,1,455,1362,"CFP","Airpore Old 1"
"5450",2,929.728,6.867,0,43,1,455,1362,"CFP","Airpore Old 2"
"5451",3,929.728,3.548,0,19,1,455,1362,"CFP","Airpore Old 3"
"5452",4,929.728,7.673,0,31,1,455,1362,"CFP","Airpore Medium 1"
"5453",5,929.728,5.86,0,31,1,455,1362,"CFP","Airpore Medium 2"
"5454",6,4123.441,5.604,0,39,1,455,1362,"CFP","Background"
"5455",1,929.728,37.472,7,99,2,455,1362,"RFP","Airpore Old 1"
"5456",2,929.728,81.753,11,255,2,455,1362,"RFP","Airpore Old 2"
"5457",3,929.728,32.228,0,116,2,455,1362,"RFP","Airpore Old 3"
"5458",4,929.728,69.625,12,255,2,455,1362,"RFP","Airpore Medium 1"
"5459",5,929.728,64.904,7,255,2,455,1362,"RFP","Airpore Medium 2"
"5460",6,4123.441,53.174,3,242,2,455,1362,"RFP","Background"
"5461",1,929.728,3.394,0,20,1,456,1365,"CFP","Airpore Old 1"
"5462",2,929.728,6.622,0,31,1,456,1365,"CFP","Airpore Old 2"
"5463",3,929.728,3.597,0,42,1,456,1365,"CFP","Airpore Old 3"
"5464",4,929.728,7.698,0,39,1,456,1365,"CFP","Airpore Medium 1"
"5465",5,929.728,5.834,0,31,1,456,1365,"CFP","Airpore Medium 2"
"5466",6,4123.441,5.665,0,39,1,456,1365,"CFP","Background"
"5467",1,929.728,37.392,7,94,2,456,1365,"RFP","Airpore Old 1"
"5468",2,929.728,82.808,7,255,2,456,1365,"RFP","Airpore Old 2"
"5469",3,929.728,32.949,3,107,2,456,1365,"RFP","Airpore Old 3"
"5470",4,929.728,69.459,7,255,2,456,1365,"RFP","Airpore Medium 1"
"5471",5,929.728,65.249,11,233,2,456,1365,"RFP","Airpore Medium 2"
"5472",6,4123.441,53.011,3,210,2,456,1365,"RFP","Background"
"5473",1,929.728,3.415,0,24,1,457,1368,"CFP","Airpore Old 1"
"5474",2,929.728,6.965,0,31,1,457,1368,"CFP","Airpore Old 2"
"5475",3,929.728,3.575,0,23,1,457,1368,"CFP","Airpore Old 3"
"5476",4,929.728,7.665,0,31,1,457,1368,"CFP","Airpore Medium 1"
"5477",5,929.728,5.9,0,27,1,457,1368,"CFP","Airpore Medium 2"
"5478",6,4123.441,5.44,0,35,1,457,1368,"CFP","Background"
"5479",1,929.728,37.47,0,95,2,457,1368,"RFP","Airpore Old 1"
"5480",2,929.728,82.28,7,255,2,457,1368,"RFP","Airpore Old 2"
"5481",3,929.728,32.124,3,123,2,457,1368,"RFP","Airpore Old 3"
"5482",4,929.728,69.811,15,255,2,457,1368,"RFP","Airpore Medium 1"
"5483",5,929.728,65.177,15,234,2,457,1368,"RFP","Airpore Medium 2"
"5484",6,4123.441,53.175,3,255,2,457,1368,"RFP","Background"
"5485",1,929.728,3.306,0,24,1,458,1371,"CFP","Airpore Old 1"
"5486",2,929.728,6.559,0,39,1,458,1371,"CFP","Airpore Old 2"
"5487",3,929.728,3.696,0,24,1,458,1371,"CFP","Airpore Old 3"
"5488",4,929.728,7.521,0,41,1,458,1371,"CFP","Airpore Medium 1"
"5489",5,929.728,6.056,0,32,1,458,1371,"CFP","Airpore Medium 2"
"5490",6,4123.441,5.633,0,36,1,458,1371,"CFP","Background"
"5491",1,929.728,37.563,3,95,2,458,1371,"RFP","Airpore Old 1"
"5492",2,929.728,82.956,7,255,2,458,1371,"RFP","Airpore Old 2"
"5493",3,929.728,31.644,3,112,2,458,1371,"RFP","Airpore Old 3"
"5494",4,929.728,69.274,15,255,2,458,1371,"RFP","Airpore Medium 1"
"5495",5,929.728,64.968,15,255,2,458,1371,"RFP","Airpore Medium 2"
"5496",6,4123.441,52.572,3,249,2,458,1371,"RFP","Background"
"5497",1,929.728,3.256,0,20,1,459,1374,"CFP","Airpore Old 1"
"5498",2,929.728,6.666,0,35,1,459,1374,"CFP","Airpore Old 2"
"5499",3,929.728,3.632,0,27,1,459,1374,"CFP","Airpore Old 3"
"5500",4,929.728,7.405,0,31,1,459,1374,"CFP","Airpore Medium 1"
"5501",5,929.728,5.736,0,31,1,459,1374,"CFP","Airpore Medium 2"
"5502",6,4123.441,5.542,0,31,1,459,1374,"CFP","Background"
"5503",1,929.728,36.87,3,107,2,459,1374,"RFP","Airpore Old 1"
"5504",2,929.728,82.035,11,255,2,459,1374,"RFP","Airpore Old 2"
"5505",3,929.728,32.53,3,142,2,459,1374,"RFP","Airpore Old 3"
"5506",4,929.728,69.334,7,255,2,459,1374,"RFP","Airpore Medium 1"
"5507",5,929.728,66.022,15,254,2,459,1374,"RFP","Airpore Medium 2"
"5508",6,4123.441,52.948,0,255,2,459,1374,"RFP","Background"
"5509",1,929.728,3.331,0,23,1,460,1377,"CFP","Airpore Old 1"
"5510",2,929.728,6.807,0,47,1,460,1377,"CFP","Airpore Old 2"
"5511",3,929.728,3.517,0,23,1,460,1377,"CFP","Airpore Old 3"
"5512",4,929.728,7.737,0,35,1,460,1377,"CFP","Airpore Medium 1"
"5513",5,929.728,5.932,0,27,1,460,1377,"CFP","Airpore Medium 2"
"5514",6,4123.441,5.615,0,39,1,460,1377,"CFP","Background"
"5515",1,929.728,37.431,3,179,2,460,1377,"RFP","Airpore Old 1"
"5516",2,929.728,83.345,8,255,2,460,1377,"RFP","Airpore Old 2"
"5517",3,929.728,31.706,0,139,2,460,1377,"RFP","Airpore Old 3"
"5518",4,929.728,68.989,11,255,2,460,1377,"RFP","Airpore Medium 1"
"5519",5,929.728,64.282,7,226,2,460,1377,"RFP","Airpore Medium 2"
"5520",6,4123.441,53.041,0,237,2,460,1377,"RFP","Background"
"5521",1,929.728,3.381,0,23,1,461,1380,"CFP","Airpore Old 1"
"5522",2,929.728,6.57,0,35,1,461,1380,"CFP","Airpore Old 2"
"5523",3,929.728,3.611,0,31,1,461,1380,"CFP","Airpore Old 3"
"5524",4,929.728,7.298,0,35,1,461,1380,"CFP","Airpore Medium 1"
"5525",5,929.728,5.895,0,27,1,461,1380,"CFP","Airpore Medium 2"
"5526",6,4123.441,5.505,0,31,1,461,1380,"CFP","Background"
"5527",1,929.728,36.963,3,99,2,461,1380,"RFP","Airpore Old 1"
"5528",2,929.728,82.265,11,255,2,461,1380,"RFP","Airpore Old 2"
"5529",3,929.728,32.278,3,104,2,461,1380,"RFP","Airpore Old 3"
"5530",4,929.728,68.808,15,255,2,461,1380,"RFP","Airpore Medium 1"
"5531",5,929.728,65.893,11,205,2,461,1380,"RFP","Airpore Medium 2"
"5532",6,4123.441,52.98,3,219,2,461,1380,"RFP","Background"
"5533",1,929.728,3.255,0,23,1,462,1383,"CFP","Airpore Old 1"
"5534",2,929.728,6.887,0,35,1,462,1383,"CFP","Airpore Old 2"
"5535",3,929.728,3.754,0,24,1,462,1383,"CFP","Airpore Old 3"
"5536",4,929.728,7.758,0,46,1,462,1383,"CFP","Airpore Medium 1"
"5537",5,929.728,5.966,0,31,1,462,1383,"CFP","Airpore Medium 2"
"5538",6,4123.441,5.479,0,34,1,462,1383,"CFP","Background"
"5539",1,929.728,36.79,7,87,2,462,1383,"RFP","Airpore Old 1"
"5540",2,929.728,82.315,8,255,2,462,1383,"RFP","Airpore Old 2"
"5541",3,929.728,31.93,0,102,2,462,1383,"RFP","Airpore Old 3"
"5542",4,929.728,68.86,15,255,2,462,1383,"RFP","Airpore Medium 1"
"5543",5,929.728,64.954,15,252,2,462,1383,"RFP","Airpore Medium 2"
"5544",6,4123.441,52.547,3,255,2,462,1383,"RFP","Background"
"5545",1,929.728,3.286,0,27,1,463,1386,"CFP","Airpore Old 1"
"5546",2,929.728,6.758,0,39,1,463,1386,"CFP","Airpore Old 2"
"5547",3,929.728,3.734,0,27,1,463,1386,"CFP","Airpore Old 3"
"5548",4,929.728,7.431,0,47,1,463,1386,"CFP","Airpore Medium 1"
"5549",5,929.728,5.88,0,27,1,463,1386,"CFP","Airpore Medium 2"
"5550",6,4123.441,5.513,0,34,1,463,1386,"CFP","Background"
"5551",1,929.728,36.638,3,95,2,463,1386,"RFP","Airpore Old 1"
"5552",2,929.728,81.367,8,255,2,463,1386,"RFP","Airpore Old 2"
"5553",3,929.728,32.722,0,128,2,463,1386,"RFP","Airpore Old 3"
"5554",4,929.728,68.216,11,255,2,463,1386,"RFP","Airpore Medium 1"
"5555",5,929.728,65.164,15,246,2,463,1386,"RFP","Airpore Medium 2"
"5556",6,4123.441,52.263,3,214,2,463,1386,"RFP","Background"
"5557",1,929.728,3.283,0,19,1,464,1389,"CFP","Airpore Old 1"
"5558",2,929.728,6.65,0,39,1,464,1389,"CFP","Airpore Old 2"
"5559",3,929.728,3.658,0,23,1,464,1389,"CFP","Airpore Old 3"
"5560",4,929.728,7.156,0,31,1,464,1389,"CFP","Airpore Medium 1"
"5561",5,929.728,5.903,0,35,1,464,1389,"CFP","Airpore Medium 2"
"5562",6,4123.441,5.543,0,39,1,464,1389,"CFP","Background"
"5563",1,929.728,36.504,3,103,2,464,1389,"RFP","Airpore Old 1"
"5564",2,929.728,81.85,7,255,2,464,1389,"RFP","Airpore Old 2"
"5565",3,929.728,31.683,0,107,2,464,1389,"RFP","Airpore Old 3"
"5566",4,929.728,69.222,12,255,2,464,1389,"RFP","Airpore Medium 1"
"5567",5,929.728,64.731,11,255,2,464,1389,"RFP","Airpore Medium 2"
"5568",6,4123.441,52.07,3,241,2,464,1389,"RFP","Background"
"5569",1,929.728,3.353,0,20,1,465,1392,"CFP","Airpore Old 1"
"5570",2,929.728,6.637,0,39,1,465,1392,"CFP","Airpore Old 2"
"5571",3,929.728,3.669,0,27,1,465,1392,"CFP","Airpore Old 3"
"5572",4,929.728,7.47,0,43,1,465,1392,"CFP","Airpore Medium 1"
"5573",5,929.728,6.122,0,31,1,465,1392,"CFP","Airpore Medium 2"
"5574",6,4123.441,5.408,0,58,1,465,1392,"CFP","Background"
"5575",1,929.728,36.376,3,96,2,465,1392,"RFP","Airpore Old 1"
"5576",2,929.728,81.265,8,255,2,465,1392,"RFP","Airpore Old 2"
"5577",3,929.728,32.385,3,116,2,465,1392,"RFP","Airpore Old 3"
"5578",4,929.728,68.502,15,255,2,465,1392,"RFP","Airpore Medium 1"
"5579",5,929.728,65.467,16,233,2,465,1392,"RFP","Airpore Medium 2"
"5580",6,4123.441,52.216,3,255,2,465,1392,"RFP","Background"
"5581",1,929.728,3.294,0,23,1,466,1395,"CFP","Airpore Old 1"
"5582",2,929.728,6.628,0,48,1,466,1395,"CFP","Airpore Old 2"
"5583",3,929.728,3.687,0,27,1,466,1395,"CFP","Airpore Old 3"
"5584",4,929.728,7.594,0,31,1,466,1395,"CFP","Airpore Medium 1"
"5585",5,929.728,5.762,0,27,1,466,1395,"CFP","Airpore Medium 2"
"5586",6,4123.441,5.468,0,35,1,466,1395,"CFP","Background"
"5587",1,929.728,36.779,3,108,2,466,1395,"RFP","Airpore Old 1"
"5588",2,929.728,81.845,11,255,2,466,1395,"RFP","Airpore Old 2"
"5589",3,929.728,32.426,0,104,2,466,1395,"RFP","Airpore Old 3"
"5590",4,929.728,70.202,15,255,2,466,1395,"RFP","Airpore Medium 1"
"5591",5,929.728,65.685,11,217,2,466,1395,"RFP","Airpore Medium 2"
"5592",6,4123.441,52.419,3,222,2,466,1395,"RFP","Background"
"5593",1,929.728,3.2,0,23,1,467,1398,"CFP","Airpore Old 1"
"5594",2,929.728,6.674,0,38,1,467,1398,"CFP","Airpore Old 2"
"5595",3,929.728,3.475,0,23,1,467,1398,"CFP","Airpore Old 3"
"5596",4,929.728,7.576,0,35,1,467,1398,"CFP","Airpore Medium 1"
"5597",5,929.728,5.873,0,27,1,467,1398,"CFP","Airpore Medium 2"
"5598",6,4123.441,5.626,0,35,1,467,1398,"CFP","Background"
"5599",1,929.728,36.914,3,95,2,467,1398,"RFP","Airpore Old 1"
"5600",2,929.728,82.576,12,255,2,467,1398,"RFP","Airpore Old 2"
"5601",3,929.728,32.234,3,111,2,467,1398,"RFP","Airpore Old 3"
"5602",4,929.728,69.519,15,255,2,467,1398,"RFP","Airpore Medium 1"
"5603",5,929.728,65.541,12,241,2,467,1398,"RFP","Airpore Medium 2"
"5604",6,4123.441,52.224,3,231,2,467,1398,"RFP","Background"
"5605",1,929.728,3.338,0,28,1,468,1401,"CFP","Airpore Old 1"
"5606",2,929.728,6.874,0,32,1,468,1401,"CFP","Airpore Old 2"
"5607",3,929.728,3.535,0,27,1,468,1401,"CFP","Airpore Old 3"
"5608",4,929.728,7.402,0,40,1,468,1401,"CFP","Airpore Medium 1"
"5609",5,929.728,5.804,0,35,1,468,1401,"CFP","Airpore Medium 2"
"5610",6,4123.441,5.486,0,35,1,468,1401,"CFP","Background"
"5611",1,929.728,36.755,0,99,2,468,1401,"RFP","Airpore Old 1"
"5612",2,929.728,81.925,11,255,2,468,1401,"RFP","Airpore Old 2"
"5613",3,929.728,32.244,0,118,2,468,1401,"RFP","Airpore Old 3"
"5614",4,929.728,69.517,19,255,2,468,1401,"RFP","Airpore Medium 1"
"5615",5,929.728,66.042,12,255,2,468,1401,"RFP","Airpore Medium 2"
"5616",6,4123.441,52.259,3,220,2,468,1401,"RFP","Background"
"5617",1,929.728,3.348,0,27,1,469,1404,"CFP","Airpore Old 1"
"5618",2,929.728,6.707,0,38,1,469,1404,"CFP","Airpore Old 2"
"5619",3,929.728,3.607,0,35,1,469,1404,"CFP","Airpore Old 3"
"5620",4,929.728,7.518,0,40,1,469,1404,"CFP","Airpore Medium 1"
"5621",5,929.728,5.982,0,28,1,469,1404,"CFP","Airpore Medium 2"
"5622",6,4123.441,5.602,0,39,1,469,1404,"CFP","Background"
"5623",1,929.728,36.972,3,87,2,469,1404,"RFP","Airpore Old 1"
"5624",2,929.728,82.402,8,255,2,469,1404,"RFP","Airpore Old 2"
"5625",3,929.728,32.176,0,111,2,469,1404,"RFP","Airpore Old 3"
"5626",4,929.728,69.206,19,255,2,469,1404,"RFP","Airpore Medium 1"
"5627",5,929.728,65.696,15,245,2,469,1404,"RFP","Airpore Medium 2"
"5628",6,4123.441,51.999,3,226,2,469,1404,"RFP","Background"
"5629",1,929.728,3.221,0,20,1,470,1407,"CFP","Airpore Old 1"
"5630",2,929.728,6.852,0,39,1,470,1407,"CFP","Airpore Old 2"
"5631",3,929.728,3.751,0,35,1,470,1407,"CFP","Airpore Old 3"
"5632",4,929.728,7.347,0,35,1,470,1407,"CFP","Airpore Medium 1"
"5633",5,929.728,5.884,0,25,1,470,1407,"CFP","Airpore Medium 2"
"5634",6,4123.441,5.485,0,49,1,470,1407,"CFP","Background"
"5635",1,929.728,36.687,3,96,2,470,1407,"RFP","Airpore Old 1"
"5636",2,929.728,82.73,3,255,2,470,1407,"RFP","Airpore Old 2"
"5637",3,929.728,31.753,3,120,2,470,1407,"RFP","Airpore Old 3"
"5638",4,929.728,69.376,16,255,2,470,1407,"RFP","Airpore Medium 1"
"5639",5,929.728,65.825,12,221,2,470,1407,"RFP","Airpore Medium 2"
"5640",6,4123.441,52.378,0,255,2,470,1407,"RFP","Background"
"5641",1,929.728,3.033,0,20,1,471,1410,"CFP","Airpore Old 1"
"5642",2,929.728,6.638,0,39,1,471,1410,"CFP","Airpore Old 2"
"5643",3,929.728,3.523,0,27,1,471,1410,"CFP","Airpore Old 3"
"5644",4,929.728,7.457,0,34,1,471,1410,"CFP","Airpore Medium 1"
"5645",5,929.728,5.918,0,47,1,471,1410,"CFP","Airpore Medium 2"
"5646",6,4123.441,5.432,0,35,1,471,1410,"CFP","Background"
"5647",1,929.728,36.203,3,96,2,471,1410,"RFP","Airpore Old 1"
"5648",2,929.728,81.995,11,255,2,471,1410,"RFP","Airpore Old 2"
"5649",3,929.728,33.197,0,145,2,471,1410,"RFP","Airpore Old 3"
"5650",4,929.728,69.3,19,255,2,471,1410,"RFP","Airpore Medium 1"
"5651",5,929.728,66.008,12,255,2,471,1410,"RFP","Airpore Medium 2"
"5652",6,4123.441,52.418,3,222,2,471,1410,"RFP","Background"
"5653",1,929.728,3.378,0,30,1,472,1413,"CFP","Airpore Old 1"
"5654",2,929.728,6.952,0,35,1,472,1413,"CFP","Airpore Old 2"
"5655",3,929.728,3.738,0,27,1,472,1413,"CFP","Airpore Old 3"
"5656",4,929.728,7.471,0,31,1,472,1413,"CFP","Airpore Medium 1"
"5657",5,929.728,5.965,0,27,1,472,1413,"CFP","Airpore Medium 2"
"5658",6,4123.441,5.464,0,32,1,472,1413,"CFP","Background"
"5659",1,929.728,36.55,3,102,2,472,1413,"RFP","Airpore Old 1"
"5660",2,929.728,82.359,7,255,2,472,1413,"RFP","Airpore Old 2"
"5661",3,929.728,32.679,0,136,2,472,1413,"RFP","Airpore Old 3"
"5662",4,929.728,69.352,15,255,2,472,1413,"RFP","Airpore Medium 1"
"5663",5,929.728,65.718,12,223,2,472,1413,"RFP","Airpore Medium 2"
"5664",6,4123.441,52.484,3,251,2,472,1413,"RFP","Background"
"5665",1,929.728,3.278,0,27,1,473,1416,"CFP","Airpore Old 1"
"5666",2,929.728,6.603,0,43,1,473,1416,"CFP","Airpore Old 2"
"5667",3,929.728,3.689,0,31,1,473,1416,"CFP","Airpore Old 3"
"5668",4,929.728,7.761,0,35,1,473,1416,"CFP","Airpore Medium 1"
"5669",5,929.728,6.067,0,31,1,473,1416,"CFP","Airpore Medium 2"
"5670",6,4123.441,5.462,0,45,1,473,1416,"CFP","Background"
"5671",1,929.728,36.294,7,97,2,473,1416,"RFP","Airpore Old 1"
"5672",2,929.728,82.19,12,255,2,473,1416,"RFP","Airpore Old 2"
"5673",3,929.728,32.554,0,110,2,473,1416,"RFP","Airpore Old 3"
"5674",4,929.728,70.205,11,255,2,473,1416,"RFP","Airpore Medium 1"
"5675",5,929.728,65.25,12,214,2,473,1416,"RFP","Airpore Medium 2"
"5676",6,4123.441,52.044,3,229,2,473,1416,"RFP","Background"
"5677",1,929.728,3.252,0,48,1,474,1419,"CFP","Airpore Old 1"
"5678",2,929.728,6.902,0,35,1,474,1419,"CFP","Airpore Old 2"
"5679",3,929.728,3.683,0,23,1,474,1419,"CFP","Airpore Old 3"
"5680",4,929.728,7.514,0,35,1,474,1419,"CFP","Airpore Medium 1"
"5681",5,929.728,5.847,0,27,1,474,1419,"CFP","Airpore Medium 2"
"5682",6,4123.441,5.456,0,35,1,474,1419,"CFP","Background"
"5683",1,929.728,36.505,3,92,2,474,1419,"RFP","Airpore Old 1"
"5684",2,929.728,82.231,3,255,2,474,1419,"RFP","Airpore Old 2"
"5685",3,929.728,32.563,0,118,2,474,1419,"RFP","Airpore Old 3"
"5686",4,929.728,70.3,15,255,2,474,1419,"RFP","Airpore Medium 1"
"5687",5,929.728,65.805,15,245,2,474,1419,"RFP","Airpore Medium 2"
"5688",6,4123.441,51.976,3,255,2,474,1419,"RFP","Background"
"5689",1,929.728,3.275,0,23,1,475,1422,"CFP","Airpore Old 1"
"5690",2,929.728,6.782,0,36,1,475,1422,"CFP","Airpore Old 2"
"5691",3,929.728,3.63,0,23,1,475,1422,"CFP","Airpore Old 3"
"5692",4,929.728,7.406,0,31,1,475,1422,"CFP","Airpore Medium 1"
"5693",5,929.728,5.866,0,31,1,475,1422,"CFP","Airpore Medium 2"
"5694",6,4123.441,5.471,0,39,1,475,1422,"CFP","Background"
"5695",1,929.728,36.414,3,100,2,475,1422,"RFP","Airpore Old 1"
"5696",2,929.728,82.063,11,255,2,475,1422,"RFP","Airpore Old 2"
"5697",3,929.728,31.927,0,109,2,475,1422,"RFP","Airpore Old 3"
"5698",4,929.728,69.79,15,255,2,475,1422,"RFP","Airpore Medium 1"
"5699",5,929.728,65.402,8,234,2,475,1422,"RFP","Airpore Medium 2"
"5700",6,4123.441,51.831,3,247,2,475,1422,"RFP","Background"
"5701",1,929.728,3.379,0,24,1,476,1425,"CFP","Airpore Old 1"
"5702",2,929.728,6.922,0,39,1,476,1425,"CFP","Airpore Old 2"
"5703",3,929.728,3.702,0,27,1,476,1425,"CFP","Airpore Old 3"
"5704",4,929.728,7.226,0,35,1,476,1425,"CFP","Airpore Medium 1"
"5705",5,929.728,6.035,0,40,1,476,1425,"CFP","Airpore Medium 2"
"5706",6,4123.441,5.429,0,36,1,476,1425,"CFP","Background"
"5707",1,929.728,36.781,3,132,2,476,1425,"RFP","Airpore Old 1"
"5708",2,929.728,82.424,8,255,2,476,1425,"RFP","Airpore Old 2"
"5709",3,929.728,31.752,0,119,2,476,1425,"RFP","Airpore Old 3"
"5710",4,929.728,69.117,15,255,2,476,1425,"RFP","Airpore Medium 1"
"5711",5,929.728,64.977,8,221,2,476,1425,"RFP","Airpore Medium 2"
"5712",6,4123.441,51.666,3,223,2,476,1425,"RFP","Background"
"5713",1,929.728,3.209,0,36,1,477,1428,"CFP","Airpore Old 1"
"5714",2,929.728,6.459,0,39,1,477,1428,"CFP","Airpore Old 2"
"5715",3,929.728,3.659,0,23,1,477,1428,"CFP","Airpore Old 3"
"5716",4,929.728,7.629,0,31,1,477,1428,"CFP","Airpore Medium 1"
"5717",5,929.728,5.755,0,27,1,477,1428,"CFP","Airpore Medium 2"
"5718",6,4123.441,5.419,0,39,1,477,1428,"CFP","Background"
"5719",1,929.728,35.873,3,100,2,477,1428,"RFP","Airpore Old 1"
"5720",2,929.728,81.574,12,255,2,477,1428,"RFP","Airpore Old 2"
"5721",3,929.728,31.2,3,102,2,477,1428,"RFP","Airpore Old 3"
"5722",4,929.728,68.844,15,255,2,477,1428,"RFP","Airpore Medium 1"
"5723",5,929.728,65.087,12,250,2,477,1428,"RFP","Airpore Medium 2"
"5724",6,4123.441,51.515,3,242,2,477,1428,"RFP","Background"
"5725",1,929.728,3.185,0,23,1,478,1431,"CFP","Airpore Old 1"
"5726",2,929.728,6.779,0,39,1,478,1431,"CFP","Airpore Old 2"
"5727",3,929.728,3.599,0,24,1,478,1431,"CFP","Airpore Old 3"
"5728",4,929.728,7.546,0,36,1,478,1431,"CFP","Airpore Medium 1"
"5729",5,929.728,5.849,0,27,1,478,1431,"CFP","Airpore Medium 2"
"5730",6,4123.441,5.354,0,34,1,478,1431,"CFP","Background"
"5731",1,929.728,36.465,7,105,2,478,1431,"RFP","Airpore Old 1"
"5732",2,929.728,81.7,7,255,2,478,1431,"RFP","Airpore Old 2"
"5733",3,929.728,31.124,3,112,2,478,1431,"RFP","Airpore Old 3"
"5734",4,929.728,69.511,11,255,2,478,1431,"RFP","Airpore Medium 1"
"5735",5,929.728,64.886,11,245,2,478,1431,"RFP","Airpore Medium 2"
"5736",6,4123.441,51.49,3,238,2,478,1431,"RFP","Background"
"5737",1,929.728,3.208,0,31,1,479,1434,"CFP","Airpore Old 1"
"5738",2,929.728,6.939,0,39,1,479,1434,"CFP","Airpore Old 2"
"5739",3,929.728,3.689,0,35,1,479,1434,"CFP","Airpore Old 3"
"5740",4,929.728,7.604,0,27,1,479,1434,"CFP","Airpore Medium 1"
"5741",5,929.728,5.91,0,27,1,479,1434,"CFP","Airpore Medium 2"
"5742",6,4123.441,5.468,0,41,1,479,1434,"CFP","Background"
"5743",1,929.728,35.535,3,121,2,479,1434,"RFP","Airpore Old 1"
"5744",2,929.728,81.56,7,255,2,479,1434,"RFP","Airpore Old 2"
"5745",3,929.728,31.768,0,115,2,479,1434,"RFP","Airpore Old 3"
"5746",4,929.728,68.857,15,255,2,479,1434,"RFP","Airpore Medium 1"
"5747",5,929.728,65.266,7,255,2,479,1434,"RFP","Airpore Medium 2"
"5748",6,4123.441,51.141,0,205,2,479,1434,"RFP","Background"
"5749",1,929.728,3.127,0,20,1,480,1437,"CFP","Airpore Old 1"
"5750",2,929.728,6.693,0,39,1,480,1437,"CFP","Airpore Old 2"
"5751",3,929.728,3.567,0,24,1,480,1437,"CFP","Airpore Old 3"
"5752",4,929.728,7.476,0,31,1,480,1437,"CFP","Airpore Medium 1"
"5753",5,929.728,5.972,0,27,1,480,1437,"CFP","Airpore Medium 2"
"5754",6,4123.441,5.336,0,37,1,480,1437,"CFP","Background"
"5755",1,929.728,36.049,3,170,2,480,1437,"RFP","Airpore Old 1"
"5756",2,929.728,82.592,11,255,2,480,1437,"RFP","Airpore Old 2"
"5757",3,929.728,31.56,3,107,2,480,1437,"RFP","Airpore Old 3"
"5758",4,929.728,69.253,11,255,2,480,1437,"RFP","Airpore Medium 1"
"5759",5,929.728,65.151,12,251,2,480,1437,"RFP","Airpore Medium 2"
"5760",6,4123.441,51.222,0,240,2,480,1437,"RFP","Background"
"5761",1,929.728,3.22,0,27,1,481,1440,"CFP","Airpore Old 1"
"5762",2,929.728,6.369,0,39,1,481,1440,"CFP","Airpore Old 2"
"5763",3,929.728,3.675,0,24,1,481,1440,"CFP","Airpore Old 3"
"5764",4,929.728,7.454,0,31,1,481,1440,"CFP","Airpore Medium 1"
"5765",5,929.728,5.908,0,32,1,481,1440,"CFP","Airpore Medium 2"
"5766",6,4123.441,5.388,0,31,1,481,1440,"CFP","Background"
"5767",1,929.728,35.762,0,108,2,481,1440,"RFP","Airpore Old 1"
"5768",2,929.728,82.122,8,255,2,481,1440,"RFP","Airpore Old 2"
"5769",3,929.728,32.099,3,110,2,481,1440,"RFP","Airpore Old 3"
"5770",4,929.728,69.664,19,255,2,481,1440,"RFP","Airpore Medium 1"
"5771",5,929.728,65.935,15,199,2,481,1440,"RFP","Airpore Medium 2"
"5772",6,4123.441,51.405,3,197,2,481,1440,"RFP","Background"
"5773",1,929.728,3.109,0,34,1,482,1443,"CFP","Airpore Old 1"
"5774",2,929.728,6.376,0,35,1,482,1443,"CFP","Airpore Old 2"
"5775",3,929.728,3.505,0,24,1,482,1443,"CFP","Airpore Old 3"
"5776",4,929.728,7.502,0,35,1,482,1443,"CFP","Airpore Medium 1"
"5777",5,929.728,5.81,0,44,1,482,1443,"CFP","Airpore Medium 2"
"5778",6,4123.441,5.323,0,38,1,482,1443,"CFP","Background"
"5779",1,929.728,35.838,3,92,2,482,1443,"RFP","Airpore Old 1"
"5780",2,929.728,82.002,11,255,2,482,1443,"RFP","Airpore Old 2"
"5781",3,929.728,32.812,3,124,2,482,1443,"RFP","Airpore Old 3"
"5782",4,929.728,69.63,12,255,2,482,1443,"RFP","Airpore Medium 1"
"5783",5,929.728,65.453,11,246,2,482,1443,"RFP","Airpore Medium 2"
"5784",6,4123.441,51.653,3,198,2,482,1443,"RFP","Background"
"5785",1,929.728,3.213,0,24,1,483,1446,"CFP","Airpore Old 1"
"5786",2,929.728,6.59,0,47,1,483,1446,"CFP","Airpore Old 2"
"5787",3,929.728,3.738,0,23,1,483,1446,"CFP","Airpore Old 3"
"5788",4,929.728,7.399,0,31,1,483,1446,"CFP","Airpore Medium 1"
"5789",5,929.728,5.809,0,27,1,483,1446,"CFP","Airpore Medium 2"
"5790",6,4123.441,5.356,0,35,1,483,1446,"CFP","Background"
"5791",1,929.728,35.68,3,111,2,483,1446,"RFP","Airpore Old 1"
"5792",2,929.728,81.991,12,255,2,483,1446,"RFP","Airpore Old 2"
"5793",3,929.728,32.054,3,178,2,483,1446,"RFP","Airpore Old 3"
"5794",4,929.728,69.336,11,255,2,483,1446,"RFP","Airpore Medium 1"
"5795",5,929.728,65.268,15,241,2,483,1446,"RFP","Airpore Medium 2"
"5796",6,4123.441,51.464,3,174,2,483,1446,"RFP","Background"
"5797",1,929.728,3.268,0,20,1,484,1449,"CFP","Airpore Old 1"
"5798",2,929.728,6.775,0,31,1,484,1449,"CFP","Airpore Old 2"
"5799",3,929.728,3.624,0,23,1,484,1449,"CFP","Airpore Old 3"
"5800",4,929.728,7.367,0,31,1,484,1449,"CFP","Airpore Medium 1"
"5801",5,929.728,6.14,0,49,1,484,1449,"CFP","Airpore Medium 2"
"5802",6,4123.441,5.405,0,32,1,484,1449,"CFP","Background"
"5803",1,929.728,36.051,3,99,2,484,1449,"RFP","Airpore Old 1"
"5804",2,929.728,83.011,7,255,2,484,1449,"RFP","Airpore Old 2"
"5805",3,929.728,31.988,0,123,2,484,1449,"RFP","Airpore Old 3"
"5806",4,929.728,69.579,15,255,2,484,1449,"RFP","Airpore Medium 1"
"5807",5,929.728,65.159,12,215,2,484,1449,"RFP","Airpore Medium 2"
"5808",6,4123.441,51.08,0,205,2,484,1449,"RFP","Background"
"5809",1,929.728,3.096,0,20,1,485,1452,"CFP","Airpore Old 1"
"5810",2,929.728,6.676,0,39,1,485,1452,"CFP","Airpore Old 2"
"5811",3,929.728,3.652,0,31,1,485,1452,"CFP","Airpore Old 3"
"5812",4,929.728,7.523,0,27,1,485,1452,"CFP","Airpore Medium 1"
"5813",5,929.728,5.865,0,30,1,485,1452,"CFP","Airpore Medium 2"
"5814",6,4123.441,5.327,0,43,1,485,1452,"CFP","Background"
"5815",1,929.728,35.846,3,91,2,485,1452,"RFP","Airpore Old 1"
"5816",2,929.728,81.989,12,255,2,485,1452,"RFP","Airpore Old 2"
"5817",3,929.728,32.559,3,102,2,485,1452,"RFP","Airpore Old 3"
"5818",4,929.728,69.972,12,255,2,485,1452,"RFP","Airpore Medium 1"
"5819",5,929.728,65.252,12,255,2,485,1452,"RFP","Airpore Medium 2"
"5820",6,4123.441,51.163,0,223,2,485,1452,"RFP","Background"
"5821",1,929.728,3.394,0,23,1,486,1455,"CFP","Airpore Old 1"
"5822",2,929.728,6.761,0,35,1,486,1455,"CFP","Airpore Old 2"
"5823",3,929.728,3.527,0,41,1,486,1455,"CFP","Airpore Old 3"
"5824",4,929.728,7.473,0,50,1,486,1455,"CFP","Airpore Medium 1"
"5825",5,929.728,6.118,0,31,1,486,1455,"CFP","Airpore Medium 2"
"5826",6,4123.441,5.377,0,34,1,486,1455,"CFP","Background"
"5827",1,929.728,35.318,3,88,2,486,1455,"RFP","Airpore Old 1"
"5828",2,929.728,81.074,7,255,2,486,1455,"RFP","Airpore Old 2"
"5829",3,929.728,31.703,0,106,2,486,1455,"RFP","Airpore Old 3"
"5830",4,929.728,69.186,15,255,2,486,1455,"RFP","Airpore Medium 1"
"5831",5,929.728,65.22,11,234,2,486,1455,"RFP","Airpore Medium 2"
"5832",6,4123.441,51.086,0,186,2,486,1455,"RFP","Background"
"5833",1,929.728,3.255,0,31,1,487,1458,"CFP","Airpore Old 1"
"5834",2,929.728,6.556,0,31,1,487,1458,"CFP","Airpore Old 2"
"5835",3,929.728,3.627,0,24,1,487,1458,"CFP","Airpore Old 3"
"5836",4,929.728,7.515,0,31,1,487,1458,"CFP","Airpore Medium 1"
"5837",5,929.728,5.89,0,24,1,487,1458,"CFP","Airpore Medium 2"
"5838",6,4123.441,5.31,0,43,1,487,1458,"CFP","Background"
"5839",1,929.728,35.007,3,91,2,487,1458,"RFP","Airpore Old 1"
"5840",2,929.728,82.062,7,255,2,487,1458,"RFP","Airpore Old 2"
"5841",3,929.728,31.658,3,128,2,487,1458,"RFP","Airpore Old 3"
"5842",4,929.728,69.695,3,255,2,487,1458,"RFP","Airpore Medium 1"
"5843",5,929.728,65.44,12,193,2,487,1458,"RFP","Airpore Medium 2"
"5844",6,4123.441,50.925,3,244,2,487,1458,"RFP","Background"
"5845",1,929.728,3.155,0,20,1,488,1461,"CFP","Airpore Old 1"
"5846",2,929.728,6.664,0,36,1,488,1461,"CFP","Airpore Old 2"
"5847",3,929.728,3.577,0,27,1,488,1461,"CFP","Airpore Old 3"
"5848",4,929.728,7.381,0,39,1,488,1461,"CFP","Airpore Medium 1"
"5849",5,929.728,6.02,0,27,1,488,1461,"CFP","Airpore Medium 2"
"5850",6,4123.441,5.365,0,35,1,488,1461,"CFP","Background"
"5851",1,929.728,36.012,7,91,2,488,1461,"RFP","Airpore Old 1"
"5852",2,929.728,81.383,11,255,2,488,1461,"RFP","Airpore Old 2"
"5853",3,929.728,32.166,3,107,2,488,1461,"RFP","Airpore Old 3"
"5854",4,929.728,70.242,7,255,2,488,1461,"RFP","Airpore Medium 1"
"5855",5,929.728,66.069,12,234,2,488,1461,"RFP","Airpore Medium 2"
"5856",6,4123.441,50.878,3,252,2,488,1461,"RFP","Background"
"5857",1,929.728,3.119,0,27,1,489,1464,"CFP","Airpore Old 1"
"5858",2,929.728,6.68,0,51,1,489,1464,"CFP","Airpore Old 2"
"5859",3,929.728,3.539,0,34,1,489,1464,"CFP","Airpore Old 3"
"5860",4,929.728,7.308,0,31,1,489,1464,"CFP","Airpore Medium 1"
"5861",5,929.728,5.96,0,30,1,489,1464,"CFP","Airpore Medium 2"
"5862",6,4123.441,5.337,0,32,1,489,1464,"CFP","Background"
"5863",1,929.728,35.711,3,104,2,489,1464,"RFP","Airpore Old 1"
"5864",2,929.728,81.74,3,255,2,489,1464,"RFP","Airpore Old 2"
"5865",3,929.728,32.186,0,116,2,489,1464,"RFP","Airpore Old 3"
"5866",4,929.728,69.151,15,255,2,489,1464,"RFP","Airpore Medium 1"
"5867",5,929.728,65.949,15,206,2,489,1464,"RFP","Airpore Medium 2"
"5868",6,4123.441,50.747,3,208,2,489,1464,"RFP","Background"
"5869",1,929.728,3.164,0,39,1,490,1467,"CFP","Airpore Old 1"
"5870",2,929.728,6.756,0,35,1,490,1467,"CFP","Airpore Old 2"
"5871",3,929.728,3.54,0,23,1,490,1467,"CFP","Airpore Old 3"
"5872",4,929.728,7.349,0,38,1,490,1467,"CFP","Airpore Medium 1"
"5873",5,929.728,5.858,0,28,1,490,1467,"CFP","Airpore Medium 2"
"5874",6,4123.441,5.318,0,48,1,490,1467,"CFP","Background"
"5875",1,929.728,35.357,3,103,2,490,1467,"RFP","Airpore Old 1"
"5876",2,929.728,81.635,11,255,2,490,1467,"RFP","Airpore Old 2"
"5877",3,929.728,31.426,0,120,2,490,1467,"RFP","Airpore Old 3"
"5878",4,929.728,68.817,11,255,2,490,1467,"RFP","Airpore Medium 1"
"5879",5,929.728,66.02,11,209,2,490,1467,"RFP","Airpore Medium 2"
"5880",6,4123.441,50.776,3,188,2,490,1467,"RFP","Background"
"5881",1,929.728,3.182,0,23,1,491,1470,"CFP","Airpore Old 1"
"5882",2,929.728,6.684,0,35,1,491,1470,"CFP","Airpore Old 2"
"5883",3,929.728,3.536,0,27,1,491,1470,"CFP","Airpore Old 3"
"5884",4,929.728,7.598,0,51,1,491,1470,"CFP","Airpore Medium 1"
"5885",5,929.728,5.88,0,50,1,491,1470,"CFP","Airpore Medium 2"
"5886",6,4123.441,5.352,0,67,1,491,1470,"CFP","Background"
"5887",1,929.728,34.795,3,95,2,491,1470,"RFP","Airpore Old 1"
"5888",2,929.728,81.086,7,255,2,491,1470,"RFP","Airpore Old 2"
"5889",3,929.728,31.929,0,104,2,491,1470,"RFP","Airpore Old 3"
"5890",4,929.728,69.252,15,255,2,491,1470,"RFP","Airpore Medium 1"
"5891",5,929.728,64.556,7,207,2,491,1470,"RFP","Airpore Medium 2"
"5892",6,4123.441,50.68,3,208,2,491,1470,"RFP","Background"
"5893",1,929.728,3.197,0,21,1,492,1473,"CFP","Airpore Old 1"
"5894",2,929.728,6.654,0,39,1,492,1473,"CFP","Airpore Old 2"
"5895",3,929.728,3.543,0,23,1,492,1473,"CFP","Airpore Old 3"
"5896",4,929.728,7.535,0,31,1,492,1473,"CFP","Airpore Medium 1"
"5897",5,929.728,5.783,0,47,1,492,1473,"CFP","Airpore Medium 2"
"5898",6,4123.441,5.324,0,41,1,492,1473,"CFP","Background"
"5899",1,929.728,35.449,3,91,2,492,1473,"RFP","Airpore Old 1"
"5900",2,929.728,81.941,8,255,2,492,1473,"RFP","Airpore Old 2"
"5901",3,929.728,31.351,0,136,2,492,1473,"RFP","Airpore Old 3"
"5902",4,929.728,69.588,11,255,2,492,1473,"RFP","Airpore Medium 1"
"5903",5,929.728,64.805,12,223,2,492,1473,"RFP","Airpore Medium 2"
"5904",6,4123.441,50.622,3,182,2,492,1473,"RFP","Background"
"5905",1,929.728,3.262,0,24,1,493,1476,"CFP","Airpore Old 1"
"5906",2,929.728,6.709,0,35,1,493,1476,"CFP","Airpore Old 2"
"5907",3,929.728,3.528,0,39,1,493,1476,"CFP","Airpore Old 3"
"5908",4,929.728,7.449,0,46,1,493,1476,"CFP","Airpore Medium 1"
"5909",5,929.728,6.089,0,27,1,493,1476,"CFP","Airpore Medium 2"
"5910",6,4123.441,5.263,0,40,1,493,1476,"CFP","Background"
"5911",1,929.728,35.378,3,92,2,493,1476,"RFP","Airpore Old 1"
"5912",2,929.728,81.055,3,255,2,493,1476,"RFP","Airpore Old 2"
"5913",3,929.728,30.883,0,112,2,493,1476,"RFP","Airpore Old 3"
"5914",4,929.728,69.316,11,255,2,493,1476,"RFP","Airpore Medium 1"
"5915",5,929.728,64.783,7,194,2,493,1476,"RFP","Airpore Medium 2"
"5916",6,4123.441,50.89,3,170,2,493,1476,"RFP","Background"
"5917",1,929.728,3.106,0,19,1,494,1479,"CFP","Airpore Old 1"
"5918",2,929.728,6.587,0,35,1,494,1479,"CFP","Airpore Old 2"
"5919",3,929.728,3.573,0,27,1,494,1479,"CFP","Airpore Old 3"
"5920",4,929.728,7.357,0,32,1,494,1479,"CFP","Airpore Medium 1"
"5921",5,929.728,5.858,0,27,1,494,1479,"CFP","Airpore Medium 2"
"5922",6,4123.441,5.255,0,31,1,494,1479,"CFP","Background"
"5923",1,929.728,34.989,3,91,2,494,1479,"RFP","Airpore Old 1"
"5924",2,929.728,80.53,8,255,2,494,1479,"RFP","Airpore Old 2"
"5925",3,929.728,31.894,3,125,2,494,1479,"RFP","Airpore Old 3"
"5926",4,929.728,69.365,15,255,2,494,1479,"RFP","Airpore Medium 1"
"5927",5,929.728,64.986,11,218,2,494,1479,"RFP","Airpore Medium 2"
"5928",6,4123.441,50.116,0,182,2,494,1479,"RFP","Background"
"5929",1,929.728,3.127,0,19,1,495,1482,"CFP","Airpore Old 1"
"5930",2,929.728,6.664,0,43,1,495,1482,"CFP","Airpore Old 2"
"5931",3,929.728,3.531,0,31,1,495,1482,"CFP","Airpore Old 3"
"5932",4,929.728,7.686,0,39,1,495,1482,"CFP","Airpore Medium 1"
"5933",5,929.728,5.626,0,31,1,495,1482,"CFP","Airpore Medium 2"
"5934",6,4123.441,5.267,0,35,1,495,1482,"CFP","Background"
"5935",1,929.728,35.129,3,88,2,495,1482,"RFP","Airpore Old 1"
"5936",2,929.728,80.987,7,255,2,495,1482,"RFP","Airpore Old 2"
"5937",3,929.728,31.828,3,152,2,495,1482,"RFP","Airpore Old 3"
"5938",4,929.728,69.422,15,255,2,495,1482,"RFP","Airpore Medium 1"
"5939",5,929.728,65.111,12,206,2,495,1482,"RFP","Airpore Medium 2"
"5940",6,4123.441,50.483,3,179,2,495,1482,"RFP","Background"
"5941",1,929.728,3.2,0,25,1,496,1485,"CFP","Airpore Old 1"
"5942",2,929.728,6.642,0,50,1,496,1485,"CFP","Airpore Old 2"
"5943",3,929.728,3.657,0,27,1,496,1485,"CFP","Airpore Old 3"
"5944",4,929.728,7.399,0,31,1,496,1485,"CFP","Airpore Medium 1"
"5945",5,929.728,5.737,0,31,1,496,1485,"CFP","Airpore Medium 2"
"5946",6,4123.441,5.31,0,39,1,496,1485,"CFP","Background"
"5947",1,929.728,35.536,3,88,2,496,1485,"RFP","Airpore Old 1"
"5948",2,929.728,82.029,7,255,2,496,1485,"RFP","Airpore Old 2"
"5949",3,929.728,31.811,0,112,2,496,1485,"RFP","Airpore Old 3"
"5950",4,929.728,69.393,12,255,2,496,1485,"RFP","Airpore Medium 1"
"5951",5,929.728,64.812,15,241,2,496,1485,"RFP","Airpore Medium 2"
"5952",6,4123.441,50.476,3,163,2,496,1485,"RFP","Background"
"5953",1,929.728,3.012,0,20,1,497,1488,"CFP","Airpore Old 1"
"5954",2,929.728,6.358,0,35,1,497,1488,"CFP","Airpore Old 2"
"5955",3,929.728,3.508,0,50,1,497,1488,"CFP","Airpore Old 3"
"5956",4,929.728,7.389,0,36,1,497,1488,"CFP","Airpore Medium 1"
"5957",5,929.728,5.922,0,31,1,497,1488,"CFP","Airpore Medium 2"
"5958",6,4123.441,5.332,0,42,1,497,1488,"CFP","Background"
"5959",1,929.728,34.915,3,99,2,497,1488,"RFP","Airpore Old 1"
"5960",2,929.728,82.701,11,255,2,497,1488,"RFP","Airpore Old 2"
"5961",3,929.728,32.137,0,133,2,497,1488,"RFP","Airpore Old 3"
"5962",4,929.728,69.623,7,255,2,497,1488,"RFP","Airpore Medium 1"
"5963",5,929.728,65.907,12,223,2,497,1488,"RFP","Airpore Medium 2"
"5964",6,4123.441,50.301,0,191,2,497,1488,"RFP","Background"
"5965",1,929.728,3.062,0,33,1,498,1491,"CFP","Airpore Old 1"
"5966",2,929.728,6.668,0,43,1,498,1491,"CFP","Airpore Old 2"
"5967",3,929.728,3.549,0,31,1,498,1491,"CFP","Airpore Old 3"
"5968",4,929.728,7.251,0,36,1,498,1491,"CFP","Airpore Medium 1"
"5969",5,929.728,5.848,0,24,1,498,1491,"CFP","Airpore Medium 2"
"5970",6,4123.441,5.231,0,39,1,498,1491,"CFP","Background"
"5971",1,929.728,35.211,3,104,2,498,1491,"RFP","Airpore Old 1"
"5972",2,929.728,80.729,7,255,2,498,1491,"RFP","Airpore Old 2"
"5973",3,929.728,31.933,3,123,2,498,1491,"RFP","Airpore Old 3"
"5974",4,929.728,69.621,11,255,2,498,1491,"RFP","Airpore Medium 1"
"5975",5,929.728,64.282,11,183,2,498,1491,"RFP","Airpore Medium 2"
"5976",6,4123.441,50.351,0,189,2,498,1491,"RFP","Background"
"5977",1,929.728,3.078,0,24,1,499,1494,"CFP","Airpore Old 1"
"5978",2,929.728,6.63,0,50,1,499,1494,"CFP","Airpore Old 2"
"5979",3,929.728,3.494,0,23,1,499,1494,"CFP","Airpore Old 3"
"5980",4,929.728,7.425,0,31,1,499,1494,"CFP","Airpore Medium 1"
"5981",5,929.728,5.895,0,27,1,499,1494,"CFP","Airpore Medium 2"
"5982",6,4123.441,5.219,0,40,1,499,1494,"CFP","Background"
"5983",1,929.728,35.346,3,88,2,499,1494,"RFP","Airpore Old 1"
"5984",2,929.728,82.004,7,255,2,499,1494,"RFP","Airpore Old 2"
"5985",3,929.728,31.346,3,116,2,499,1494,"RFP","Airpore Old 3"
"5986",4,929.728,70.555,19,255,2,499,1494,"RFP","Airpore Medium 1"
"5987",5,929.728,65.1,15,218,2,499,1494,"RFP","Airpore Medium 2"
"5988",6,4123.441,50.325,3,183,2,499,1494,"RFP","Background"
"5989",1,929.728,3.043,0,20,1,500,1497,"CFP","Airpore Old 1"
"5990",2,929.728,6.585,0,34,1,500,1497,"CFP","Airpore Old 2"
"5991",3,929.728,3.576,0,35,1,500,1497,"CFP","Airpore Old 3"
"5992",4,929.728,7.52,0,31,1,500,1497,"CFP","Airpore Medium 1"
"5993",5,929.728,5.646,0,31,1,500,1497,"CFP","Airpore Medium 2"
"5994",6,4123.441,5.198,0,31,1,500,1497,"CFP","Background"
"5995",1,929.728,35.213,3,100,2,500,1497,"RFP","Airpore Old 1"
"5996",2,929.728,81.195,11,255,2,500,1497,"RFP","Airpore Old 2"
"5997",3,929.728,31.98,3,103,2,500,1497,"RFP","Airpore Old 3"
"5998",4,929.728,69.902,11,255,2,500,1497,"RFP","Airpore Medium 1"
"5999",5,929.728,64.965,12,226,2,500,1497,"RFP","Airpore Medium 2"
"6000",6,4123.441,50.062,0,190,2,500,1497,"RFP","Background"
"6001",1,929.728,3.072,0,19,1,501,1500,"CFP","Airpore Old 1"
"6002",2,929.728,6.388,0,39,1,501,1500,"CFP","Airpore Old 2"
"6003",3,929.728,3.677,0,27,1,501,1500,"CFP","Airpore Old 3"
"6004",4,929.728,7.431,0,35,1,501,1500,"CFP","Airpore Medium 1"
"6005",5,929.728,5.786,0,43,1,501,1500,"CFP","Airpore Medium 2"
"6006",6,4123.441,5.282,0,35,1,501,1500,"CFP","Background"
"6007",1,929.728,34.902,0,83,2,501,1500,"RFP","Airpore Old 1"
"6008",2,929.728,81.479,8,255,2,501,1500,"RFP","Airpore Old 2"
"6009",3,929.728,32.256,0,115,2,501,1500,"RFP","Airpore Old 3"
"6010",4,929.728,69.619,19,255,2,501,1500,"RFP","Airpore Medium 1"
"6011",5,929.728,65.54,12,198,2,501,1500,"RFP","Airpore Medium 2"
"6012",6,4123.441,50.236,3,179,2,501,1500,"RFP","Background"
"6013",1,929.728,2.943,0,20,1,502,1503,"CFP","Airpore Old 1"
"6014",2,929.728,6.752,0,52,1,502,1503,"CFP","Airpore Old 2"
"6015",3,929.728,3.576,0,31,1,502,1503,"CFP","Airpore Old 3"
"6016",4,929.728,7.402,0,32,1,502,1503,"CFP","Airpore Medium 1"
"6017",5,929.728,6.056,0,55,1,502,1503,"CFP","Airpore Medium 2"
"6018",6,4123.441,5.192,0,27,1,502,1503,"CFP","Background"
"6019",1,929.728,35.072,3,95,2,502,1503,"RFP","Airpore Old 1"
"6020",2,929.728,81.776,15,255,2,502,1503,"RFP","Airpore Old 2"
"6021",3,929.728,31.964,0,112,2,502,1503,"RFP","Airpore Old 3"
"6022",4,929.728,68.726,15,255,2,502,1503,"RFP","Airpore Medium 1"
"6023",5,929.728,65.753,15,213,2,502,1503,"RFP","Airpore Medium 2"
"6024",6,4123.441,49.897,3,174,2,502,1503,"RFP","Background"
"6025",1,929.728,3.193,0,30,1,503,1506,"CFP","Airpore Old 1"
"6026",2,929.728,6.789,0,40,1,503,1506,"CFP","Airpore Old 2"
"6027",3,929.728,3.652,0,27,1,503,1506,"CFP","Airpore Old 3"
"6028",4,929.728,7.42,0,34,1,503,1506,"CFP","Airpore Medium 1"
"6029",5,929.728,5.923,0,31,1,503,1506,"CFP","Airpore Medium 2"
"6030",6,4123.441,5.151,0,34,1,503,1506,"CFP","Background"
"6031",1,929.728,35.045,3,96,2,503,1506,"RFP","Airpore Old 1"
"6032",2,929.728,81.308,7,255,2,503,1506,"RFP","Airpore Old 2"
"6033",3,929.728,31.63,0,111,2,503,1506,"RFP","Airpore Old 3"
"6034",4,929.728,69.996,15,255,2,503,1506,"RFP","Airpore Medium 1"
"6035",5,929.728,65.203,12,242,2,503,1506,"RFP","Airpore Medium 2"
"6036",6,4123.441,50.21,3,174,2,503,1506,"RFP","Background"
"6037",1,929.728,3.171,0,27,1,504,1509,"CFP","Airpore Old 1"
"6038",2,929.728,6.741,0,31,1,504,1509,"CFP","Airpore Old 2"
"6039",3,929.728,3.539,0,24,1,504,1509,"CFP","Airpore Old 3"
"6040",4,929.728,7.682,0,48,1,504,1509,"CFP","Airpore Medium 1"
"6041",5,929.728,5.973,0,27,1,504,1509,"CFP","Airpore Medium 2"
"6042",6,4123.441,5.297,0,40,1,504,1509,"CFP","Background"
"6043",1,929.728,34.493,3,87,2,504,1509,"RFP","Airpore Old 1"
"6044",2,929.728,80.999,11,255,2,504,1509,"RFP","Airpore Old 2"
"6045",3,929.728,31.839,0,111,2,504,1509,"RFP","Airpore Old 3"
"6046",4,929.728,69.45,15,255,2,504,1509,"RFP","Airpore Medium 1"
"6047",5,929.728,64.977,12,212,2,504,1509,"RFP","Airpore Medium 2"
"6048",6,4123.441,49.894,3,183,2,504,1509,"RFP","Background"
"6049",1,929.728,3.076,0,19,1,505,1512,"CFP","Airpore Old 1"
"6050",2,929.728,6.568,0,35,1,505,1512,"CFP","Airpore Old 2"
"6051",3,929.728,3.548,0,27,1,505,1512,"CFP","Airpore Old 3"
"6052",4,929.728,7.389,0,48,1,505,1512,"CFP","Airpore Medium 1"
"6053",5,929.728,6.054,0,32,1,505,1512,"CFP","Airpore Medium 2"
"6054",6,4123.441,5.233,0,39,1,505,1512,"CFP","Background"
"6055",1,929.728,34.474,3,108,2,505,1512,"RFP","Airpore Old 1"
"6056",2,929.728,81.571,7,255,2,505,1512,"RFP","Airpore Old 2"
"6057",3,929.728,31.679,0,110,2,505,1512,"RFP","Airpore Old 3"
"6058",4,929.728,69.292,15,255,2,505,1512,"RFP","Airpore Medium 1"
"6059",5,929.728,65.36,15,202,2,505,1512,"RFP","Airpore Medium 2"
"6060",6,4123.441,49.851,0,179,2,505,1512,"RFP","Background"
"6061",1,929.728,3.128,0,20,1,506,1515,"CFP","Airpore Old 1"
"6062",2,929.728,6.752,0,39,1,506,1515,"CFP","Airpore Old 2"
"6063",3,929.728,3.546,0,23,1,506,1515,"CFP","Airpore Old 3"
"6064",4,929.728,7.426,0,31,1,506,1515,"CFP","Airpore Medium 1"
"6065",5,929.728,5.915,0,39,1,506,1515,"CFP","Airpore Medium 2"
"6066",6,4123.441,5.246,0,40,1,506,1515,"CFP","Background"
"6067",1,929.728,34.459,3,101,2,506,1515,"RFP","Airpore Old 1"
"6068",2,929.728,81.023,7,255,2,506,1515,"RFP","Airpore Old 2"
"6069",3,929.728,31.726,0,112,2,506,1515,"RFP","Airpore Old 3"
"6070",4,929.728,68.732,8,255,2,506,1515,"RFP","Airpore Medium 1"
"6071",5,929.728,65.141,7,243,2,506,1515,"RFP","Airpore Medium 2"
"6072",6,4123.441,49.7,3,220,2,506,1515,"RFP","Background"
"6073",1,929.728,3.216,0,23,1,507,1518,"CFP","Airpore Old 1"
"6074",2,929.728,6.537,0,35,1,507,1518,"CFP","Airpore Old 2"
"6075",3,929.728,3.434,0,31,1,507,1518,"CFP","Airpore Old 3"
"6076",4,929.728,7.432,0,27,1,507,1518,"CFP","Airpore Medium 1"
"6077",5,929.728,5.621,0,27,1,507,1518,"CFP","Airpore Medium 2"
"6078",6,4123.441,5.162,0,51,1,507,1518,"CFP","Background"
"6079",1,929.728,34.766,3,96,2,507,1518,"RFP","Airpore Old 1"
"6080",2,929.728,80.732,7,255,2,507,1518,"RFP","Airpore Old 2"
"6081",3,929.728,31.204,3,108,2,507,1518,"RFP","Airpore Old 3"
"6082",4,929.728,68.493,19,255,2,507,1518,"RFP","Airpore Medium 1"
"6083",5,929.728,65.177,8,195,2,507,1518,"RFP","Airpore Medium 2"
"6084",6,4123.441,49.7,3,174,2,507,1518,"RFP","Background"
"6085",1,929.728,3.275,0,20,1,508,1521,"CFP","Airpore Old 1"
"6086",2,929.728,6.464,0,32,1,508,1521,"CFP","Airpore Old 2"
"6087",3,929.728,3.614,0,24,1,508,1521,"CFP","Airpore Old 3"
"6088",4,929.728,7.595,0,35,1,508,1521,"CFP","Airpore Medium 1"
"6089",5,929.728,5.847,0,32,1,508,1521,"CFP","Airpore Medium 2"
"6090",6,4123.441,5.212,0,35,1,508,1521,"CFP","Background"
"6091",1,929.728,34.475,3,95,2,508,1521,"RFP","Airpore Old 1"
"6092",2,929.728,80.726,11,255,2,508,1521,"RFP","Airpore Old 2"
"6093",3,929.728,31.243,0,102,2,508,1521,"RFP","Airpore Old 3"
"6094",4,929.728,68.737,11,255,2,508,1521,"RFP","Airpore Medium 1"
"6095",5,929.728,64.709,11,221,2,508,1521,"RFP","Airpore Medium 2"
"6096",6,4123.441,49.565,3,195,2,508,1521,"RFP","Background"
"6097",1,929.728,3.062,0,23,1,509,1524,"CFP","Airpore Old 1"
"6098",2,929.728,6.542,0,35,1,509,1524,"CFP","Airpore Old 2"
"6099",3,929.728,3.653,0,31,1,509,1524,"CFP","Airpore Old 3"
"6100",4,929.728,7.618,0,39,1,509,1524,"CFP","Airpore Medium 1"
"6101",5,929.728,5.943,0,31,1,509,1524,"CFP","Airpore Medium 2"
"6102",6,4123.441,5.174,0,68,1,509,1524,"CFP","Background"
"6103",1,929.728,34.011,3,83,2,509,1524,"RFP","Airpore Old 1"
"6104",2,929.728,80.109,11,255,2,509,1524,"RFP","Airpore Old 2"
"6105",3,929.728,31.846,0,127,2,509,1524,"RFP","Airpore Old 3"
"6106",4,929.728,69.571,15,255,2,509,1524,"RFP","Airpore Medium 1"
"6107",5,929.728,65.621,15,181,2,509,1524,"RFP","Airpore Medium 2"
"6108",6,4123.441,49.706,3,180,2,509,1524,"RFP","Background"
"6109",1,929.728,2.936,0,24,1,510,1527,"CFP","Airpore Old 1"
"6110",2,929.728,6.654,0,34,1,510,1527,"CFP","Airpore Old 2"
"6111",3,929.728,3.486,0,23,1,510,1527,"CFP","Airpore Old 3"
"6112",4,929.728,7.6,0,40,1,510,1527,"CFP","Airpore Medium 1"
"6113",5,929.728,5.831,0,31,1,510,1527,"CFP","Airpore Medium 2"
"6114",6,4123.441,5.255,0,31,1,510,1527,"CFP","Background"
"6115",1,929.728,35.06,3,118,2,510,1527,"RFP","Airpore Old 1"
"6116",2,929.728,81.147,3,255,2,510,1527,"RFP","Airpore Old 2"
"6117",3,929.728,31.858,0,111,2,510,1527,"RFP","Airpore Old 3"
"6118",4,929.728,69.572,15,255,2,510,1527,"RFP","Airpore Medium 1"
"6119",5,929.728,65.321,15,216,2,510,1527,"RFP","Airpore Medium 2"
"6120",6,4123.441,49.958,3,224,2,510,1527,"RFP","Background"
"6121",1,929.728,3.079,0,23,1,511,1530,"CFP","Airpore Old 1"
"6122",2,929.728,6.643,0,39,1,511,1530,"CFP","Airpore Old 2"
"6123",3,929.728,3.546,0,24,1,511,1530,"CFP","Airpore Old 3"
"6124",4,929.728,7.342,0,31,1,511,1530,"CFP","Airpore Medium 1"
"6125",5,929.728,5.891,0,31,1,511,1530,"CFP","Airpore Medium 2"
"6126",6,4123.441,5.184,0,43,1,511,1530,"CFP","Background"
"6127",1,929.728,34.904,3,83,2,511,1530,"RFP","Airpore Old 1"
"6128",2,929.728,81.404,7,255,2,511,1530,"RFP","Airpore Old 2"
"6129",3,929.728,32.08,3,119,2,511,1530,"RFP","Airpore Old 3"
"6130",4,929.728,68.911,15,255,2,511,1530,"RFP","Airpore Medium 1"
"6131",5,929.728,64.687,12,201,2,511,1530,"RFP","Airpore Medium 2"
"6132",6,4123.441,50.053,3,172,2,511,1530,"RFP","Background"
"6133",1,929.728,2.96,0,19,1,512,1533,"CFP","Airpore Old 1"
"6134",2,929.728,6.691,0,47,1,512,1533,"CFP","Airpore Old 2"
"6135",3,929.728,3.549,0,24,1,512,1533,"CFP","Airpore Old 3"
"6136",4,929.728,7.386,0,35,1,512,1533,"CFP","Airpore Medium 1"
"6137",5,929.728,5.944,0,27,1,512,1533,"CFP","Airpore Medium 2"
"6138",6,4123.441,5.191,0,31,1,512,1533,"CFP","Background"
"6139",1,929.728,34.426,3,93,2,512,1533,"RFP","Airpore Old 1"
"6140",2,929.728,81.175,8,255,2,512,1533,"RFP","Airpore Old 2"
"6141",3,929.728,31.255,3,124,2,512,1533,"RFP","Airpore Old 3"
"6142",4,929.728,69.315,11,255,2,512,1533,"RFP","Airpore Medium 1"
"6143",5,929.728,65.513,15,213,2,512,1533,"RFP","Airpore Medium 2"
"6144",6,4123.441,49.572,3,183,2,512,1533,"RFP","Background"
"6145",1,929.728,3.226,0,20,1,513,1536,"CFP","Airpore Old 1"
"6146",2,929.728,6.51,0,35,1,513,1536,"CFP","Airpore Old 2"
"6147",3,929.728,3.714,0,24,1,513,1536,"CFP","Airpore Old 3"
"6148",4,929.728,7.373,0,31,1,513,1536,"CFP","Airpore Medium 1"
"6149",5,929.728,5.913,0,24,1,513,1536,"CFP","Airpore Medium 2"
"6150",6,4123.441,5.169,0,42,1,513,1536,"CFP","Background"
"6151",1,929.728,34.605,3,95,2,513,1536,"RFP","Airpore Old 1"
"6152",2,929.728,80.821,8,255,2,513,1536,"RFP","Airpore Old 2"
"6153",3,929.728,31.486,0,116,2,513,1536,"RFP","Airpore Old 3"
"6154",4,929.728,69.887,15,255,2,513,1536,"RFP","Airpore Medium 1"
"6155",5,929.728,65.014,15,255,2,513,1536,"RFP","Airpore Medium 2"
"6156",6,4123.441,49.786,3,174,2,513,1536,"RFP","Background"
"6157",1,929.728,2.989,0,23,1,514,1539,"CFP","Airpore Old 1"
"6158",2,929.728,6.35,0,35,1,514,1539,"CFP","Airpore Old 2"
"6159",3,929.728,3.693,0,27,1,514,1539,"CFP","Airpore Old 3"
"6160",4,929.728,7.481,0,34,1,514,1539,"CFP","Airpore Medium 1"
"6161",5,929.728,5.88,0,32,1,514,1539,"CFP","Airpore Medium 2"
"6162",6,4123.441,5.221,0,52,1,514,1539,"CFP","Background"
"6163",1,929.728,34.36,3,95,2,514,1539,"RFP","Airpore Old 1"
"6164",2,929.728,81.895,3,255,2,514,1539,"RFP","Airpore Old 2"
"6165",3,929.728,31.453,0,113,2,514,1539,"RFP","Airpore Old 3"
"6166",4,929.728,69.092,15,255,2,514,1539,"RFP","Airpore Medium 1"
"6167",5,929.728,64.909,15,250,2,514,1539,"RFP","Airpore Medium 2"
"6168",6,4123.441,49.4,0,178,2,514,1539,"RFP","Background"
"6169",1,929.728,3.137,0,27,1,515,1542,"CFP","Airpore Old 1"
"6170",2,929.728,6.447,0,39,1,515,1542,"CFP","Airpore Old 2"
"6171",3,929.728,3.53,0,27,1,515,1542,"CFP","Airpore Old 3"
"6172",4,929.728,7.394,0,60,1,515,1542,"CFP","Airpore Medium 1"
"6173",5,929.728,5.75,0,27,1,515,1542,"CFP","Airpore Medium 2"
"6174",6,4123.441,5.136,0,31,1,515,1542,"CFP","Background"
"6175",1,929.728,34.605,3,100,2,515,1542,"RFP","Airpore Old 1"
"6176",2,929.728,81.841,11,255,2,515,1542,"RFP","Airpore Old 2"
"6177",3,929.728,31.873,0,122,2,515,1542,"RFP","Airpore Old 3"
"6178",4,929.728,69.477,19,255,2,515,1542,"RFP","Airpore Medium 1"
"6179",5,929.728,64.614,8,243,2,515,1542,"RFP","Airpore Medium 2"
"6180",6,4123.441,49.892,0,208,2,515,1542,"RFP","Background"
"6181",1,929.728,3.038,0,19,1,516,1545,"CFP","Airpore Old 1"
"6182",2,929.728,6.498,0,31,1,516,1545,"CFP","Airpore Old 2"
"6183",3,929.728,3.47,0,23,1,516,1545,"CFP","Airpore Old 3"
"6184",4,929.728,7.357,0,31,1,516,1545,"CFP","Airpore Medium 1"
"6185",5,929.728,5.983,0,24,1,516,1545,"CFP","Airpore Medium 2"
"6186",6,4123.441,5.173,0,39,1,516,1545,"CFP","Background"
"6187",1,929.728,34.145,3,83,2,516,1545,"RFP","Airpore Old 1"
"6188",2,929.728,82.04,11,255,2,516,1545,"RFP","Airpore Old 2"
"6189",3,929.728,32.04,0,96,2,516,1545,"RFP","Airpore Old 3"
"6190",4,929.728,69.019,15,255,2,516,1545,"RFP","Airpore Medium 1"
"6191",5,929.728,63.745,15,246,2,516,1545,"RFP","Airpore Medium 2"
"6192",6,4123.441,49.555,0,198,2,516,1545,"RFP","Background"
"6193",1,929.728,3.003,0,31,1,517,1548,"CFP","Airpore Old 1"
"6194",2,929.728,6.671,0,35,1,517,1548,"CFP","Airpore Old 2"
"6195",3,929.728,3.506,0,27,1,517,1548,"CFP","Airpore Old 3"
"6196",4,929.728,7.507,0,34,1,517,1548,"CFP","Airpore Medium 1"
"6197",5,929.728,5.746,0,27,1,517,1548,"CFP","Airpore Medium 2"
"6198",6,4123.441,5.114,0,31,1,517,1548,"CFP","Background"
"6199",1,929.728,34.435,3,98,2,517,1548,"RFP","Airpore Old 1"
"6200",2,929.728,81.858,11,255,2,517,1548,"RFP","Airpore Old 2"
"6201",3,929.728,32.051,0,122,2,517,1548,"RFP","Airpore Old 3"
"6202",4,929.728,69.669,15,255,2,517,1548,"RFP","Airpore Medium 1"
"6203",5,929.728,64.888,11,239,2,517,1548,"RFP","Airpore Medium 2"
"6204",6,4123.441,49.332,3,175,2,517,1548,"RFP","Background"
"6205",1,929.728,2.989,0,30,1,518,1551,"CFP","Airpore Old 1"
"6206",2,929.728,6.682,0,39,1,518,1551,"CFP","Airpore Old 2"
"6207",3,929.728,3.553,0,27,1,518,1551,"CFP","Airpore Old 3"
"6208",4,929.728,7.527,0,35,1,518,1551,"CFP","Airpore Medium 1"
"6209",5,929.728,5.813,0,31,1,518,1551,"CFP","Airpore Medium 2"
"6210",6,4123.441,5.115,0,31,1,518,1551,"CFP","Background"
"6211",1,929.728,34.517,3,94,2,518,1551,"RFP","Airpore Old 1"
"6212",2,929.728,80.678,8,255,2,518,1551,"RFP","Airpore Old 2"
"6213",3,929.728,31.501,0,106,2,518,1551,"RFP","Airpore Old 3"
"6214",4,929.728,69.038,19,255,2,518,1551,"RFP","Airpore Medium 1"
"6215",5,929.728,64.761,15,222,2,518,1551,"RFP","Airpore Medium 2"
"6216",6,4123.441,49.441,3,187,2,518,1551,"RFP","Background"
"6217",1,929.728,3.161,0,27,1,519,1554,"CFP","Airpore Old 1"
"6218",2,929.728,6.57,0,35,1,519,1554,"CFP","Airpore Old 2"
"6219",3,929.728,3.645,0,27,1,519,1554,"CFP","Airpore Old 3"
"6220",4,929.728,7.465,0,36,1,519,1554,"CFP","Airpore Medium 1"
"6221",5,929.728,6.016,0,34,1,519,1554,"CFP","Airpore Medium 2"
"6222",6,4123.441,5.125,0,35,1,519,1554,"CFP","Background"
"6223",1,929.728,33.979,3,95,2,519,1554,"RFP","Airpore Old 1"
"6224",2,929.728,80.897,7,255,2,519,1554,"RFP","Airpore Old 2"
"6225",3,929.728,32.454,0,128,2,519,1554,"RFP","Airpore Old 3"
"6226",4,929.728,69.241,11,255,2,519,1554,"RFP","Airpore Medium 1"
"6227",5,929.728,64.969,7,243,2,519,1554,"RFP","Airpore Medium 2"
"6228",6,4123.441,49.304,0,215,2,519,1554,"RFP","Background"
"6229",1,929.728,2.977,0,21,1,520,1557,"CFP","Airpore Old 1"
"6230",2,929.728,6.629,0,35,1,520,1557,"CFP","Airpore Old 2"
"6231",3,929.728,3.555,0,29,1,520,1557,"CFP","Airpore Old 3"
"6232",4,929.728,7.433,0,39,1,520,1557,"CFP","Airpore Medium 1"
"6233",5,929.728,5.803,0,27,1,520,1557,"CFP","Airpore Medium 2"
"6234",6,4123.441,5.068,0,50,1,520,1557,"CFP","Background"
"6235",1,929.728,34.489,0,110,2,520,1557,"RFP","Airpore Old 1"
"6236",2,929.728,81.244,11,255,2,520,1557,"RFP","Airpore Old 2"
"6237",3,929.728,31.279,3,124,2,520,1557,"RFP","Airpore Old 3"
"6238",4,929.728,69.273,12,255,2,520,1557,"RFP","Airpore Medium 1"
"6239",5,929.728,64.706,11,236,2,520,1557,"RFP","Airpore Medium 2"
"6240",6,4123.441,48.902,3,185,2,520,1557,"RFP","Background"
"6241",1,929.728,3.142,0,23,1,521,1560,"CFP","Airpore Old 1"
"6242",2,929.728,6.482,0,35,1,521,1560,"CFP","Airpore Old 2"
"6243",3,929.728,3.414,0,27,1,521,1560,"CFP","Airpore Old 3"
"6244",4,929.728,7.391,0,35,1,521,1560,"CFP","Airpore Medium 1"
"6245",5,929.728,5.797,0,32,1,521,1560,"CFP","Airpore Medium 2"
"6246",6,4123.441,5.165,0,36,1,521,1560,"CFP","Background"
"6247",1,929.728,33.653,3,84,2,521,1560,"RFP","Airpore Old 1"
"6248",2,929.728,80.779,11,255,2,521,1560,"RFP","Airpore Old 2"
"6249",3,929.728,31.472,0,119,2,521,1560,"RFP","Airpore Old 3"
"6250",4,929.728,68.714,15,255,2,521,1560,"RFP","Airpore Medium 1"
"6251",5,929.728,64.878,8,235,2,521,1560,"RFP","Airpore Medium 2"
"6252",6,4123.441,49.121,3,194,2,521,1560,"RFP","Background"
"6253",1,929.728,3.029,0,19,1,522,1563,"CFP","Airpore Old 1"
"6254",2,929.728,6.553,0,35,1,522,1563,"CFP","Airpore Old 2"
"6255",3,929.728,3.455,0,24,1,522,1563,"CFP","Airpore Old 3"
"6256",4,929.728,7.559,0,37,1,522,1563,"CFP","Airpore Medium 1"
"6257",5,929.728,5.759,0,27,1,522,1563,"CFP","Airpore Medium 2"
"6258",6,4123.441,5.108,0,38,1,522,1563,"CFP","Background"
"6259",1,929.728,33.723,3,91,2,522,1563,"RFP","Airpore Old 1"
"6260",2,929.728,82.125,11,255,2,522,1563,"RFP","Airpore Old 2"
"6261",3,929.728,31.143,0,116,2,522,1563,"RFP","Airpore Old 3"
"6262",4,929.728,68.266,11,255,2,522,1563,"RFP","Airpore Medium 1"
"6263",5,929.728,65.182,15,250,2,522,1563,"RFP","Airpore Medium 2"
"6264",6,4123.441,49.06,0,200,2,522,1563,"RFP","Background"
"6265",1,929.728,3.021,0,28,1,523,1566,"CFP","Airpore Old 1"
"6266",2,929.728,6.497,0,35,1,523,1566,"CFP","Airpore Old 2"
"6267",3,929.728,3.387,0,23,1,523,1566,"CFP","Airpore Old 3"
"6268",4,929.728,7.53,0,32,1,523,1566,"CFP","Airpore Medium 1"
"6269",5,929.728,5.98,0,27,1,523,1566,"CFP","Airpore Medium 2"
"6270",6,4123.441,5.071,0,35,1,523,1566,"CFP","Background"
"6271",1,929.728,33.288,3,87,2,523,1566,"RFP","Airpore Old 1"
"6272",2,929.728,81.049,8,255,2,523,1566,"RFP","Airpore Old 2"
"6273",3,929.728,31.457,0,151,2,523,1566,"RFP","Airpore Old 3"
"6274",4,929.728,68.834,12,255,2,523,1566,"RFP","Airpore Medium 1"
"6275",5,929.728,64.803,15,255,2,523,1566,"RFP","Airpore Medium 2"
"6276",6,4123.441,48.595,3,194,2,523,1566,"RFP","Background"
"6277",1,929.728,2.981,0,24,1,524,1569,"CFP","Airpore Old 1"
"6278",2,929.728,6.359,0,32,1,524,1569,"CFP","Airpore Old 2"
"6279",3,929.728,3.616,0,32,1,524,1569,"CFP","Airpore Old 3"
"6280",4,929.728,7.347,0,28,1,524,1569,"CFP","Airpore Medium 1"
"6281",5,929.728,5.907,0,31,1,524,1569,"CFP","Airpore Medium 2"
"6282",6,4123.441,5.107,0,35,1,524,1569,"CFP","Background"
"6283",1,929.728,33.978,3,96,2,524,1569,"RFP","Airpore Old 1"
"6284",2,929.728,80.819,11,255,2,524,1569,"RFP","Airpore Old 2"
"6285",3,929.728,31.449,0,127,2,524,1569,"RFP","Airpore Old 3"
"6286",4,929.728,69.276,12,255,2,524,1569,"RFP","Airpore Medium 1"
"6287",5,929.728,65.184,7,213,2,524,1569,"RFP","Airpore Medium 2"
"6288",6,4123.441,48.963,3,168,2,524,1569,"RFP","Background"
"6289",1,929.728,3.065,0,27,1,525,1572,"CFP","Airpore Old 1"
"6290",2,929.728,6.515,0,43,1,525,1572,"CFP","Airpore Old 2"
"6291",3,929.728,3.666,0,27,1,525,1572,"CFP","Airpore Old 3"
"6292",4,929.728,7.414,0,36,1,525,1572,"CFP","Airpore Medium 1"
"6293",5,929.728,5.957,0,23,1,525,1572,"CFP","Airpore Medium 2"
"6294",6,4123.441,5.083,0,31,1,525,1572,"CFP","Background"
"6295",1,929.728,34.284,3,96,2,525,1572,"RFP","Airpore Old 1"
"6296",2,929.728,81.111,8,255,2,525,1572,"RFP","Airpore Old 2"
"6297",3,929.728,31.551,0,121,2,525,1572,"RFP","Airpore Old 3"
"6298",4,929.728,69.434,15,255,2,525,1572,"RFP","Airpore Medium 1"
"6299",5,929.728,65.155,11,195,2,525,1572,"RFP","Airpore Medium 2"
"6300",6,4123.441,48.968,0,187,2,525,1572,"RFP","Background"
"6301",1,929.728,2.927,0,27,1,526,1575,"CFP","Airpore Old 1"
"6302",2,929.728,6.543,0,31,1,526,1575,"CFP","Airpore Old 2"
"6303",3,929.728,3.615,0,35,1,526,1575,"CFP","Airpore Old 3"
"6304",4,929.728,7.519,0,31,1,526,1575,"CFP","Airpore Medium 1"
"6305",5,929.728,5.703,0,30,1,526,1575,"CFP","Airpore Medium 2"
"6306",6,4123.441,5.129,0,31,1,526,1575,"CFP","Background"
"6307",1,929.728,33.821,3,109,2,526,1575,"RFP","Airpore Old 1"
"6308",2,929.728,82.166,11,255,2,526,1575,"RFP","Airpore Old 2"
"6309",3,929.728,31.415,0,111,2,526,1575,"RFP","Airpore Old 3"
"6310",4,929.728,69.862,15,255,2,526,1575,"RFP","Airpore Medium 1"
"6311",5,929.728,64.906,12,229,2,526,1575,"RFP","Airpore Medium 2"
"6312",6,4123.441,48.577,0,201,2,526,1575,"RFP","Background"
"6313",1,929.728,3.098,0,24,1,527,1578,"CFP","Airpore Old 1"
"6314",2,929.728,6.438,0,35,1,527,1578,"CFP","Airpore Old 2"
"6315",3,929.728,3.528,0,23,1,527,1578,"CFP","Airpore Old 3"
"6316",4,929.728,7.494,0,31,1,527,1578,"CFP","Airpore Medium 1"
"6317",5,929.728,5.666,0,32,1,527,1578,"CFP","Airpore Medium 2"
"6318",6,4123.441,5.099,0,37,1,527,1578,"CFP","Background"
"6319",1,929.728,33.794,7,96,2,527,1578,"RFP","Airpore Old 1"
"6320",2,929.728,79.945,7,255,2,527,1578,"RFP","Airpore Old 2"
"6321",3,929.728,32.072,0,111,2,527,1578,"RFP","Airpore Old 3"
"6322",4,929.728,68.85,15,255,2,527,1578,"RFP","Airpore Medium 1"
"6323",5,929.728,65.191,11,216,2,527,1578,"RFP","Airpore Medium 2"
"6324",6,4123.441,48.969,3,202,2,527,1578,"RFP","Background"
"6325",1,929.728,2.97,0,20,1,528,1581,"CFP","Airpore Old 1"
"6326",2,929.728,6.408,0,39,1,528,1581,"CFP","Airpore Old 2"
"6327",3,929.728,3.606,0,34,1,528,1581,"CFP","Airpore Old 3"
"6328",4,929.728,7.334,0,34,1,528,1581,"CFP","Airpore Medium 1"
"6329",5,929.728,5.984,0,28,1,528,1581,"CFP","Airpore Medium 2"
"6330",6,4123.441,4.981,0,32,1,528,1581,"CFP","Background"
"6331",1,929.728,33.818,0,87,2,528,1581,"RFP","Airpore Old 1"
"6332",2,929.728,81.852,11,255,2,528,1581,"RFP","Airpore Old 2"
"6333",3,929.728,31.684,3,118,2,528,1581,"RFP","Airpore Old 3"
"6334",4,929.728,68.95,15,255,2,528,1581,"RFP","Airpore Medium 1"
"6335",5,929.728,65.56,12,189,2,528,1581,"RFP","Airpore Medium 2"
"6336",6,4123.441,49.282,3,194,2,528,1581,"RFP","Background"
"6337",1,929.728,2.964,0,24,1,529,1584,"CFP","Airpore Old 1"
"6338",2,929.728,6.307,0,35,1,529,1584,"CFP","Airpore Old 2"
"6339",3,929.728,3.49,0,27,1,529,1584,"CFP","Airpore Old 3"
"6340",4,929.728,7.295,0,35,1,529,1584,"CFP","Airpore Medium 1"
"6341",5,929.728,5.758,0,27,1,529,1584,"CFP","Airpore Medium 2"
"6342",6,4123.441,4.998,0,32,1,529,1584,"CFP","Background"
"6343",1,929.728,33.745,7,88,2,529,1584,"RFP","Airpore Old 1"
"6344",2,929.728,80.001,7,255,2,529,1584,"RFP","Airpore Old 2"
"6345",3,929.728,31.783,3,111,2,529,1584,"RFP","Airpore Old 3"
"6346",4,929.728,70.023,15,255,2,529,1584,"RFP","Airpore Medium 1"
"6347",5,929.728,66.034,11,255,2,529,1584,"RFP","Airpore Medium 2"
"6348",6,4123.441,48.746,3,162,2,529,1584,"RFP","Background"
"6349",1,929.728,3.007,0,24,1,530,1587,"CFP","Airpore Old 1"
"6350",2,929.728,6.475,0,39,1,530,1587,"CFP","Airpore Old 2"
"6351",3,929.728,3.622,0,37,1,530,1587,"CFP","Airpore Old 3"
"6352",4,929.728,7.673,0,38,1,530,1587,"CFP","Airpore Medium 1"
"6353",5,929.728,5.909,0,31,1,530,1587,"CFP","Airpore Medium 2"
"6354",6,4123.441,5.146,0,31,1,530,1587,"CFP","Background"
"6355",1,929.728,34.294,0,96,2,530,1587,"RFP","Airpore Old 1"
"6356",2,929.728,81.375,7,255,2,530,1587,"RFP","Airpore Old 2"
"6357",3,929.728,31.434,0,120,2,530,1587,"RFP","Airpore Old 3"
"6358",4,929.728,70.244,12,255,2,530,1587,"RFP","Airpore Medium 1"
"6359",5,929.728,66.125,11,209,2,530,1587,"RFP","Airpore Medium 2"
"6360",6,4123.441,49.676,3,158,2,530,1587,"RFP","Background"
"6361",1,929.728,3.107,0,33,1,531,1590,"CFP","Airpore Old 1"
"6362",2,929.728,6.533,0,35,1,531,1590,"CFP","Airpore Old 2"
"6363",3,929.728,3.664,0,23,1,531,1590,"CFP","Airpore Old 3"
"6364",4,929.728,7.417,0,27,1,531,1590,"CFP","Airpore Medium 1"
"6365",5,929.728,5.986,0,24,1,531,1590,"CFP","Airpore Medium 2"
"6366",6,4123.441,5.122,0,34,1,531,1590,"CFP","Background"
"6367",1,929.728,34.557,3,115,2,531,1590,"RFP","Airpore Old 1"
"6368",2,929.728,81.907,11,255,2,531,1590,"RFP","Airpore Old 2"
"6369",3,929.728,31.515,0,102,2,531,1590,"RFP","Airpore Old 3"
"6370",4,929.728,69.226,11,255,2,531,1590,"RFP","Airpore Medium 1"
"6371",5,929.728,65.516,7,215,2,531,1590,"RFP","Airpore Medium 2"
"6372",6,4123.441,50.37,0,199,2,531,1590,"RFP","Background"
"6373",1,929.728,3.168,0,24,1,532,1593,"CFP","Airpore Old 1"
"6374",2,929.728,6.656,0,51,1,532,1593,"CFP","Airpore Old 2"
"6375",3,929.728,3.625,0,23,1,532,1593,"CFP","Airpore Old 3"
"6376",4,929.728,7.627,0,38,1,532,1593,"CFP","Airpore Medium 1"
"6377",5,929.728,5.773,0,31,1,532,1593,"CFP","Airpore Medium 2"
"6378",6,4123.441,5.212,0,36,1,532,1593,"CFP","Background"
"6379",1,929.728,34.392,3,86,2,532,1593,"RFP","Airpore Old 1"
"6380",2,929.728,81.76,8,255,2,532,1593,"RFP","Airpore Old 2"
"6381",3,929.728,31.585,3,124,2,532,1593,"RFP","Airpore Old 3"
"6382",4,929.728,69.672,11,255,2,532,1593,"RFP","Airpore Medium 1"
"6383",5,929.728,65.783,12,230,2,532,1593,"RFP","Airpore Medium 2"
"6384",6,4123.441,50.219,3,183,2,532,1593,"RFP","Background"
"6385",1,929.728,2.981,0,24,1,533,1596,"CFP","Airpore Old 1"
"6386",2,929.728,6.593,0,39,1,533,1596,"CFP","Airpore Old 2"
"6387",3,929.728,3.571,0,33,1,533,1596,"CFP","Airpore Old 3"
"6388",4,929.728,7.235,0,35,1,533,1596,"CFP","Airpore Medium 1"
"6389",5,929.728,6.117,0,31,1,533,1596,"CFP","Airpore Medium 2"
"6390",6,4123.441,5.133,0,45,1,533,1596,"CFP","Background"
"6391",1,929.728,34.62,3,105,2,533,1596,"RFP","Airpore Old 1"
"6392",2,929.728,82.268,8,255,2,533,1596,"RFP","Airpore Old 2"
"6393",3,929.728,31.866,0,122,2,533,1596,"RFP","Airpore Old 3"
"6394",4,929.728,69.179,19,255,2,533,1596,"RFP","Airpore Medium 1"
"6395",5,929.728,65.14,11,210,2,533,1596,"RFP","Airpore Medium 2"
"6396",6,4123.441,49.955,0,172,2,533,1596,"RFP","Background"
"6397",1,929.728,3.001,0,27,1,534,1599,"CFP","Airpore Old 1"
"6398",2,929.728,6.774,0,34,1,534,1599,"CFP","Airpore Old 2"
"6399",3,929.728,3.75,0,24,1,534,1599,"CFP","Airpore Old 3"
"6400",4,929.728,7.171,0,27,1,534,1599,"CFP","Airpore Medium 1"
"6401",5,929.728,5.945,0,31,1,534,1599,"CFP","Airpore Medium 2"
"6402",6,4123.441,5.215,0,40,1,534,1599,"CFP","Background"
"6403",1,929.728,34.057,3,92,2,534,1599,"RFP","Airpore Old 1"
"6404",2,929.728,80.689,3,255,2,534,1599,"RFP","Airpore Old 2"
"6405",3,929.728,31.591,0,130,2,534,1599,"RFP","Airpore Old 3"
"6406",4,929.728,69.438,12,255,2,534,1599,"RFP","Airpore Medium 1"
"6407",5,929.728,65.547,11,232,2,534,1599,"RFP","Airpore Medium 2"
"6408",6,4123.441,49.526,3,154,2,534,1599,"RFP","Background"
"6409",1,929.728,2.92,0,24,1,535,1602,"CFP","Airpore Old 1"
"6410",2,929.728,6.493,0,47,1,535,1602,"CFP","Airpore Old 2"
"6411",3,929.728,3.446,0,23,1,535,1602,"CFP","Airpore Old 3"
"6412",4,929.728,7.368,0,27,1,535,1602,"CFP","Airpore Medium 1"
"6413",5,929.728,5.871,0,31,1,535,1602,"CFP","Airpore Medium 2"
"6414",6,4123.441,5.108,0,31,1,535,1602,"CFP","Background"
"6415",1,929.728,34.436,3,89,2,535,1602,"RFP","Airpore Old 1"
"6416",2,929.728,81.776,11,255,2,535,1602,"RFP","Airpore Old 2"
"6417",3,929.728,31.888,0,123,2,535,1602,"RFP","Airpore Old 3"
"6418",4,929.728,69.938,12,255,2,535,1602,"RFP","Airpore Medium 1"
"6419",5,929.728,64.486,11,202,2,535,1602,"RFP","Airpore Medium 2"
"6420",6,4123.441,49.916,0,201,2,535,1602,"RFP","Background"
"6421",1,929.728,3.064,0,20,1,536,1605,"CFP","Airpore Old 1"
"6422",2,929.728,6.489,0,35,1,536,1605,"CFP","Airpore Old 2"
"6423",3,929.728,3.494,0,27,1,536,1605,"CFP","Airpore Old 3"
"6424",4,929.728,7.598,0,35,1,536,1605,"CFP","Airpore Medium 1"
"6425",5,929.728,5.839,0,23,1,536,1605,"CFP","Airpore Medium 2"
"6426",6,4123.441,5.039,0,37,1,536,1605,"CFP","Background"
"6427",1,929.728,34.837,3,102,2,536,1605,"RFP","Airpore Old 1"
"6428",2,929.728,81.616,7,255,2,536,1605,"RFP","Airpore Old 2"
"6429",3,929.728,31.447,0,117,2,536,1605,"RFP","Airpore Old 3"
"6430",4,929.728,69.677,15,255,2,536,1605,"RFP","Airpore Medium 1"
"6431",5,929.728,65.535,12,230,2,536,1605,"RFP","Airpore Medium 2"
"6432",6,4123.441,49.48,3,198,2,536,1605,"RFP","Background"
"6433",1,929.728,3.029,0,19,1,537,1608,"CFP","Airpore Old 1"
"6434",2,929.728,6.605,0,35,1,537,1608,"CFP","Airpore Old 2"
"6435",3,929.728,3.426,0,23,1,537,1608,"CFP","Airpore Old 3"
"6436",4,929.728,7.61,0,39,1,537,1608,"CFP","Airpore Medium 1"
"6437",5,929.728,5.886,0,31,1,537,1608,"CFP","Airpore Medium 2"
"6438",6,4123.441,5.057,0,36,1,537,1608,"CFP","Background"
"6439",1,929.728,34.472,3,94,2,537,1608,"RFP","Airpore Old 1"
"6440",2,929.728,81.064,7,255,2,537,1608,"RFP","Airpore Old 2"
"6441",3,929.728,30.956,0,131,2,537,1608,"RFP","Airpore Old 3"
"6442",4,929.728,68.409,15,255,2,537,1608,"RFP","Airpore Medium 1"
"6443",5,929.728,65.74,15,239,2,537,1608,"RFP","Airpore Medium 2"
"6444",6,4123.441,49.687,0,185,2,537,1608,"RFP","Background"
"6445",1,929.728,3.175,0,19,1,538,1611,"CFP","Airpore Old 1"
"6446",2,929.728,6.588,0,31,1,538,1611,"CFP","Airpore Old 2"
"6447",3,929.728,3.447,0,31,1,538,1611,"CFP","Airpore Old 3"
"6448",4,929.728,7.339,0,31,1,538,1611,"CFP","Airpore Medium 1"
"6449",5,929.728,5.956,0,31,1,538,1611,"CFP","Airpore Medium 2"
"6450",6,4123.441,5.158,0,40,1,538,1611,"CFP","Background"
"6451",1,929.728,34.675,3,83,2,538,1611,"RFP","Airpore Old 1"
"6452",2,929.728,80.922,11,255,2,538,1611,"RFP","Airpore Old 2"
"6453",3,929.728,31.646,3,131,2,538,1611,"RFP","Airpore Old 3"
"6454",4,929.728,68.922,11,255,2,538,1611,"RFP","Airpore Medium 1"
"6455",5,929.728,64.708,15,207,2,538,1611,"RFP","Airpore Medium 2"
"6456",6,4123.441,49.739,0,222,2,538,1611,"RFP","Background"
"6457",1,929.728,3.133,0,24,1,539,1614,"CFP","Airpore Old 1"
"6458",2,929.728,6.399,0,43,1,539,1614,"CFP","Airpore Old 2"
"6459",3,929.728,3.588,0,31,1,539,1614,"CFP","Airpore Old 3"
"6460",4,929.728,7.56,0,31,1,539,1614,"CFP","Airpore Medium 1"
"6461",5,929.728,5.852,0,27,1,539,1614,"CFP","Airpore Medium 2"
"6462",6,4123.441,5.156,0,36,1,539,1614,"CFP","Background"
"6463",1,929.728,34.839,3,101,2,539,1614,"RFP","Airpore Old 1"
"6464",2,929.728,80.797,3,255,2,539,1614,"RFP","Airpore Old 2"
"6465",3,929.728,31.402,0,107,2,539,1614,"RFP","Airpore Old 3"
"6466",4,929.728,70.004,15,255,2,539,1614,"RFP","Airpore Medium 1"
"6467",5,929.728,65.043,11,192,2,539,1614,"RFP","Airpore Medium 2"
"6468",6,4123.441,49.799,3,196,2,539,1614,"RFP","Background"
"6469",1,929.728,3.05,0,20,1,540,1617,"CFP","Airpore Old 1"
"6470",2,929.728,6.454,0,42,1,540,1617,"CFP","Airpore Old 2"
"6471",3,929.728,3.607,0,27,1,540,1617,"CFP","Airpore Old 3"
"6472",4,929.728,7.261,0,31,1,540,1617,"CFP","Airpore Medium 1"
"6473",5,929.728,5.763,0,27,1,540,1617,"CFP","Airpore Medium 2"
"6474",6,4123.441,5.099,0,35,1,540,1617,"CFP","Background"
"6475",1,929.728,34.038,3,95,2,540,1617,"RFP","Airpore Old 1"
"6476",2,929.728,81.459,11,255,2,540,1617,"RFP","Airpore Old 2"
"6477",3,929.728,31.723,0,123,2,540,1617,"RFP","Airpore Old 3"
"6478",4,929.728,69.808,19,255,2,540,1617,"RFP","Airpore Medium 1"
"6479",5,929.728,65.026,12,187,2,540,1617,"RFP","Airpore Medium 2"
"6480",6,4123.441,49.246,0,178,2,540,1617,"RFP","Background"
"6481",1,929.728,2.98,0,19,1,541,1620,"CFP","Airpore Old 1"
"6482",2,929.728,6.54,0,31,1,541,1620,"CFP","Airpore Old 2"
"6483",3,929.728,3.525,0,24,1,541,1620,"CFP","Airpore Old 3"
"6484",4,929.728,7.591,0,39,1,541,1620,"CFP","Airpore Medium 1"
"6485",5,929.728,5.86,0,27,1,541,1620,"CFP","Airpore Medium 2"
"6486",6,4123.441,5.161,0,36,1,541,1620,"CFP","Background"
"6487",1,929.728,34.133,3,91,2,541,1620,"RFP","Airpore Old 1"
"6488",2,929.728,81.154,8,255,2,541,1620,"RFP","Airpore Old 2"
"6489",3,929.728,31.649,0,147,2,541,1620,"RFP","Airpore Old 3"
"6490",4,929.728,70.074,15,255,2,541,1620,"RFP","Airpore Medium 1"
"6491",5,929.728,65.342,15,212,2,541,1620,"RFP","Airpore Medium 2"
"6492",6,4123.441,49.352,3,165,2,541,1620,"RFP","Background"
"6493",1,929.728,3.027,0,19,1,542,1623,"CFP","Airpore Old 1"
"6494",2,929.728,6.475,0,36,1,542,1623,"CFP","Airpore Old 2"
"6495",3,929.728,3.54,0,27,1,542,1623,"CFP","Airpore Old 3"
"6496",4,929.728,7.554,0,31,1,542,1623,"CFP","Airpore Medium 1"
"6497",5,929.728,5.755,0,27,1,542,1623,"CFP","Airpore Medium 2"
"6498",6,4123.441,5.159,0,59,1,542,1623,"CFP","Background"
"6499",1,929.728,34.519,3,87,2,542,1623,"RFP","Airpore Old 1"
"6500",2,929.728,80.994,7,255,2,542,1623,"RFP","Airpore Old 2"
"6501",3,929.728,31.817,0,130,2,542,1623,"RFP","Airpore Old 3"
"6502",4,929.728,69.721,15,255,2,542,1623,"RFP","Airpore Medium 1"
"6503",5,929.728,65.472,12,240,2,542,1623,"RFP","Airpore Medium 2"
"6504",6,4123.441,49.858,0,193,2,542,1623,"RFP","Background"
"6505",1,929.728,3.087,0,19,1,543,1626,"CFP","Airpore Old 1"
"6506",2,929.728,6.456,0,39,1,543,1626,"CFP","Airpore Old 2"
"6507",3,929.728,3.646,0,27,1,543,1626,"CFP","Airpore Old 3"
"6508",4,929.728,7.459,0,35,1,543,1626,"CFP","Airpore Medium 1"
"6509",5,929.728,5.656,0,23,1,543,1626,"CFP","Airpore Medium 2"
"6510",6,4123.441,5.159,0,35,1,543,1626,"CFP","Background"
"6511",1,929.728,33.677,3,92,2,543,1626,"RFP","Airpore Old 1"
"6512",2,929.728,81.439,12,255,2,543,1626,"RFP","Airpore Old 2"
"6513",3,929.728,31.494,0,99,2,543,1626,"RFP","Airpore Old 3"
"6514",4,929.728,70.426,19,255,2,543,1626,"RFP","Airpore Medium 1"
"6515",5,929.728,64.504,15,204,2,543,1626,"RFP","Airpore Medium 2"
"6516",6,4123.441,49.51,3,193,2,543,1626,"RFP","Background"
"6517",1,929.728,3.016,0,27,1,544,1629,"CFP","Airpore Old 1"
"6518",2,929.728,6.491,0,34,1,544,1629,"CFP","Airpore Old 2"
"6519",3,929.728,3.49,0,24,1,544,1629,"CFP","Airpore Old 3"
"6520",4,929.728,7.355,0,39,1,544,1629,"CFP","Airpore Medium 1"
"6521",5,929.728,5.873,0,31,1,544,1629,"CFP","Airpore Medium 2"
"6522",6,4123.441,5.121,0,34,1,544,1629,"CFP","Background"
"6523",1,929.728,34.069,3,88,2,544,1629,"RFP","Airpore Old 1"
"6524",2,929.728,81.087,7,255,2,544,1629,"RFP","Airpore Old 2"
"6525",3,929.728,31.208,0,132,2,544,1629,"RFP","Airpore Old 3"
"6526",4,929.728,70.19,19,255,2,544,1629,"RFP","Airpore Medium 1"
"6527",5,929.728,65.205,11,234,2,544,1629,"RFP","Airpore Medium 2"
"6528",6,4123.441,49.623,3,205,2,544,1629,"RFP","Background"
"6529",1,929.728,3.056,0,24,1,545,1632,"CFP","Airpore Old 1"
"6530",2,929.728,6.643,0,39,1,545,1632,"CFP","Airpore Old 2"
"6531",3,929.728,3.604,0,31,1,545,1632,"CFP","Airpore Old 3"
"6532",4,929.728,7.438,0,31,1,545,1632,"CFP","Airpore Medium 1"
"6533",5,929.728,5.679,0,23,1,545,1632,"CFP","Airpore Medium 2"
"6534",6,4123.441,5.138,0,39,1,545,1632,"CFP","Background"
"6535",1,929.728,33.65,0,92,2,545,1632,"RFP","Airpore Old 1"
"6536",2,929.728,81.556,12,255,2,545,1632,"RFP","Airpore Old 2"
"6537",3,929.728,31.295,0,119,2,545,1632,"RFP","Airpore Old 3"
"6538",4,929.728,69.465,15,255,2,545,1632,"RFP","Airpore Medium 1"
"6539",5,929.728,65.129,11,187,2,545,1632,"RFP","Airpore Medium 2"
"6540",6,4123.441,49.809,0,227,2,545,1632,"RFP","Background"
"6541",1,929.728,3.193,0,20,1,546,1635,"CFP","Airpore Old 1"
"6542",2,929.728,6.456,0,36,1,546,1635,"CFP","Airpore Old 2"
"6543",3,929.728,3.483,0,35,1,546,1635,"CFP","Airpore Old 3"
"6544",4,929.728,7.732,0,48,1,546,1635,"CFP","Airpore Medium 1"
"6545",5,929.728,5.962,0,27,1,546,1635,"CFP","Airpore Medium 2"
"6546",6,4123.441,5.145,0,44,1,546,1635,"CFP","Background"
"6547",1,929.728,34.47,3,95,2,546,1635,"RFP","Airpore Old 1"
"6548",2,929.728,81.823,15,255,2,546,1635,"RFP","Airpore Old 2"
"6549",3,929.728,31.307,0,120,2,546,1635,"RFP","Airpore Old 3"
"6550",4,929.728,69.108,11,255,2,546,1635,"RFP","Airpore Medium 1"
"6551",5,929.728,65.601,15,214,2,546,1635,"RFP","Airpore Medium 2"
"6552",6,4123.441,49.64,3,190,2,546,1635,"RFP","Background"
"6553",1,929.728,3.177,0,27,1,547,1638,"CFP","Airpore Old 1"
"6554",2,929.728,6.534,0,39,1,547,1638,"CFP","Airpore Old 2"
"6555",3,929.728,3.671,0,24,1,547,1638,"CFP","Airpore Old 3"
"6556",4,929.728,7.571,0,35,1,547,1638,"CFP","Airpore Medium 1"
"6557",5,929.728,5.991,0,28,1,547,1638,"CFP","Airpore Medium 2"
"6558",6,4123.441,5.05,0,35,1,547,1638,"CFP","Background"
"6559",1,929.728,34.267,3,88,2,547,1638,"RFP","Airpore Old 1"
"6560",2,929.728,80.912,8,255,2,547,1638,"RFP","Airpore Old 2"
"6561",3,929.728,31.706,0,137,2,547,1638,"RFP","Airpore Old 3"
"6562",4,929.728,70.169,15,255,2,547,1638,"RFP","Airpore Medium 1"
"6563",5,929.728,65.442,15,214,2,547,1638,"RFP","Airpore Medium 2"
"6564",6,4123.441,49.475,3,167,2,547,1638,"RFP","Background"
"6565",1,929.728,3.011,0,24,1,548,1641,"CFP","Airpore Old 1"
"6566",2,929.728,6.546,0,43,1,548,1641,"CFP","Airpore Old 2"
"6567",3,929.728,3.587,0,19,1,548,1641,"CFP","Airpore Old 3"
"6568",4,929.728,7.345,0,27,1,548,1641,"CFP","Airpore Medium 1"
"6569",5,929.728,5.876,0,27,1,548,1641,"CFP","Airpore Medium 2"
"6570",6,4123.441,5.095,0,35,1,548,1641,"CFP","Background"
"6571",1,929.728,33.912,3,95,2,548,1641,"RFP","Airpore Old 1"
"6572",2,929.728,81.974,11,255,2,548,1641,"RFP","Airpore Old 2"
"6573",3,929.728,31.414,0,114,2,548,1641,"RFP","Airpore Old 3"
"6574",4,929.728,69.758,15,255,2,548,1641,"RFP","Airpore Medium 1"
"6575",5,929.728,65.415,15,189,2,548,1641,"RFP","Airpore Medium 2"
"6576",6,4123.441,49.658,0,198,2,548,1641,"RFP","Background"
"6577",1,929.728,3.015,0,20,1,549,1644,"CFP","Airpore Old 1"
"6578",2,929.728,6.591,0,32,1,549,1644,"CFP","Airpore Old 2"
"6579",3,929.728,3.47,0,27,1,549,1644,"CFP","Airpore Old 3"
"6580",4,929.728,7.476,0,39,1,549,1644,"CFP","Airpore Medium 1"
"6581",5,929.728,5.936,0,27,1,549,1644,"CFP","Airpore Medium 2"
"6582",6,4123.441,5.046,0,43,1,549,1644,"CFP","Background"
"6583",1,929.728,34.356,3,104,2,549,1644,"RFP","Airpore Old 1"
"6584",2,929.728,81.635,11,255,2,549,1644,"RFP","Airpore Old 2"
"6585",3,929.728,31.983,0,146,2,549,1644,"RFP","Airpore Old 3"
"6586",4,929.728,69.407,15,255,2,549,1644,"RFP","Airpore Medium 1"
"6587",5,929.728,65.427,15,255,2,549,1644,"RFP","Airpore Medium 2"
"6588",6,4123.441,49.493,0,181,2,549,1644,"RFP","Background"
"6589",1,929.728,3.009,0,20,1,550,1647,"CFP","Airpore Old 1"
"6590",2,929.728,6.367,0,34,1,550,1647,"CFP","Airpore Old 2"
"6591",3,929.728,3.457,0,27,1,550,1647,"CFP","Airpore Old 3"
"6592",4,929.728,7.546,0,48,1,550,1647,"CFP","Airpore Medium 1"
"6593",5,929.728,5.839,0,27,1,550,1647,"CFP","Airpore Medium 2"
"6594",6,4123.441,5.076,0,32,1,550,1647,"CFP","Background"
"6595",1,929.728,33.859,3,139,2,550,1647,"RFP","Airpore Old 1"
"6596",2,929.728,80.77,7,255,2,550,1647,"RFP","Airpore Old 2"
"6597",3,929.728,31.215,3,119,2,550,1647,"RFP","Airpore Old 3"
"6598",4,929.728,69.012,15,255,2,550,1647,"RFP","Airpore Medium 1"
"6599",5,929.728,65.311,7,206,2,550,1647,"RFP","Airpore Medium 2"
"6600",6,4123.441,49.52,3,178,2,550,1647,"RFP","Background"
"6601",1,929.728,2.984,0,19,1,551,1650,"CFP","Airpore Old 1"
"6602",2,929.728,6.593,0,39,1,551,1650,"CFP","Airpore Old 2"
"6603",3,929.728,3.474,0,32,1,551,1650,"CFP","Airpore Old 3"
"6604",4,929.728,7.632,0,32,1,551,1650,"CFP","Airpore Medium 1"
"6605",5,929.728,5.868,0,27,1,551,1650,"CFP","Airpore Medium 2"
"6606",6,4123.441,5.156,0,50,1,551,1650,"CFP","Background"
"6607",1,929.728,33.481,0,104,2,551,1650,"RFP","Airpore Old 1"
"6608",2,929.728,80.455,8,255,2,551,1650,"RFP","Airpore Old 2"
"6609",3,929.728,31.063,0,121,2,551,1650,"RFP","Airpore Old 3"
"6610",4,929.728,69.289,7,255,2,551,1650,"RFP","Airpore Medium 1"
"6611",5,929.728,64.785,15,198,2,551,1650,"RFP","Airpore Medium 2"
"6612",6,4123.441,49.632,0,178,2,551,1650,"RFP","Background"
"6613",1,929.728,3.119,0,27,1,552,1653,"CFP","Airpore Old 1"
"6614",2,929.728,6.523,0,39,1,552,1653,"CFP","Airpore Old 2"
"6615",3,929.728,3.504,0,27,1,552,1653,"CFP","Airpore Old 3"
"6616",4,929.728,7.467,0,36,1,552,1653,"CFP","Airpore Medium 1"
"6617",5,929.728,5.714,0,31,1,552,1653,"CFP","Airpore Medium 2"
"6618",6,4123.441,5.043,0,36,1,552,1653,"CFP","Background"
"6619",1,929.728,34.301,3,100,2,552,1653,"RFP","Airpore Old 1"
"6620",2,929.728,81.102,11,255,2,552,1653,"RFP","Airpore Old 2"
"6621",3,929.728,31.319,3,108,2,552,1653,"RFP","Airpore Old 3"
"6622",4,929.728,68.987,11,255,2,552,1653,"RFP","Airpore Medium 1"
"6623",5,929.728,65.513,3,221,2,552,1653,"RFP","Airpore Medium 2"
"6624",6,4123.441,49.438,3,196,2,552,1653,"RFP","Background"
"6625",1,929.728,3.001,0,24,1,553,1656,"CFP","Airpore Old 1"
"6626",2,929.728,6.5,0,31,1,553,1656,"CFP","Airpore Old 2"
"6627",3,929.728,3.498,0,27,1,553,1656,"CFP","Airpore Old 3"
"6628",4,929.728,7.352,0,31,1,553,1656,"CFP","Airpore Medium 1"
"6629",5,929.728,5.784,0,35,1,553,1656,"CFP","Airpore Medium 2"
"6630",6,4123.441,5.088,0,35,1,553,1656,"CFP","Background"
"6631",1,929.728,33.845,3,96,2,553,1656,"RFP","Airpore Old 1"
"6632",2,929.728,80.283,8,255,2,553,1656,"RFP","Airpore Old 2"
"6633",3,929.728,31.222,0,143,2,553,1656,"RFP","Airpore Old 3"
"6634",4,929.728,68.671,15,255,2,553,1656,"RFP","Airpore Medium 1"
"6635",5,929.728,64.844,15,230,2,553,1656,"RFP","Airpore Medium 2"
"6636",6,4123.441,48.979,0,200,2,553,1656,"RFP","Background"
"6637",1,929.728,3.167,0,23,1,554,1659,"CFP","Airpore Old 1"
"6638",2,929.728,6.401,0,34,1,554,1659,"CFP","Airpore Old 2"
"6639",3,929.728,3.593,0,31,1,554,1659,"CFP","Airpore Old 3"
"6640",4,929.728,7.292,0,31,1,554,1659,"CFP","Airpore Medium 1"
"6641",5,929.728,5.95,0,28,1,554,1659,"CFP","Airpore Medium 2"
"6642",6,4123.441,4.954,0,38,1,554,1659,"CFP","Background"
"6643",1,929.728,33.716,0,91,2,554,1659,"RFP","Airpore Old 1"
"6644",2,929.728,81.077,11,255,2,554,1659,"RFP","Airpore Old 2"
"6645",3,929.728,31.337,3,126,2,554,1659,"RFP","Airpore Old 3"
"6646",4,929.728,69.39,15,255,2,554,1659,"RFP","Airpore Medium 1"
"6647",5,929.728,64.981,12,237,2,554,1659,"RFP","Airpore Medium 2"
"6648",6,4123.441,48.826,3,182,2,554,1659,"RFP","Background"
"6649",1,929.728,3.057,0,23,1,555,1662,"CFP","Airpore Old 1"
"6650",2,929.728,6.242,0,53,1,555,1662,"CFP","Airpore Old 2"
"6651",3,929.728,3.53,0,31,1,555,1662,"CFP","Airpore Old 3"
"6652",4,929.728,7.3,0,31,1,555,1662,"CFP","Airpore Medium 1"
"6653",5,929.728,5.756,0,33,1,555,1662,"CFP","Airpore Medium 2"
"6654",6,4123.441,5.041,0,39,1,555,1662,"CFP","Background"
"6655",1,929.728,34.122,3,88,2,555,1662,"RFP","Airpore Old 1"
"6656",2,929.728,81.616,11,255,2,555,1662,"RFP","Airpore Old 2"
"6657",3,929.728,30.943,0,105,2,555,1662,"RFP","Airpore Old 3"
"6658",4,929.728,69.972,12,255,2,555,1662,"RFP","Airpore Medium 1"
"6659",5,929.728,65.824,16,245,2,555,1662,"RFP","Airpore Medium 2"
"6660",6,4123.441,49.243,3,180,2,555,1662,"RFP","Background"
"6661",1,929.728,3.053,0,20,1,556,1665,"CFP","Airpore Old 1"
"6662",2,929.728,6.444,0,43,1,556,1665,"CFP","Airpore Old 2"
"6663",3,929.728,3.501,0,36,1,556,1665,"CFP","Airpore Old 3"
"6664",4,929.728,7.171,0,31,1,556,1665,"CFP","Airpore Medium 1"
"6665",5,929.728,5.921,0,27,1,556,1665,"CFP","Airpore Medium 2"
"6666",6,4123.441,5.053,0,36,1,556,1665,"CFP","Background"
"6667",1,929.728,33.918,3,84,2,556,1665,"RFP","Airpore Old 1"
"6668",2,929.728,80.355,3,255,2,556,1665,"RFP","Airpore Old 2"
"6669",3,929.728,31.687,0,115,2,556,1665,"RFP","Airpore Old 3"
"6670",4,929.728,70.281,15,255,2,556,1665,"RFP","Airpore Medium 1"
"6671",5,929.728,65.544,15,183,2,556,1665,"RFP","Airpore Medium 2"
"6672",6,4123.441,49.038,0,182,2,556,1665,"RFP","Background"
"6673",1,929.728,2.917,0,24,1,557,1668,"CFP","Airpore Old 1"
"6674",2,929.728,6.43,0,43,1,557,1668,"CFP","Airpore Old 2"
"6675",3,929.728,3.462,0,27,1,557,1668,"CFP","Airpore Old 3"
"6676",4,929.728,7.668,0,31,1,557,1668,"CFP","Airpore Medium 1"
"6677",5,929.728,5.703,0,26,1,557,1668,"CFP","Airpore Medium 2"
"6678",6,4123.441,4.94,0,35,1,557,1668,"CFP","Background"
"6679",1,929.728,33.498,3,103,2,557,1668,"RFP","Airpore Old 1"
"6680",2,929.728,80.795,3,255,2,557,1668,"RFP","Airpore Old 2"
"6681",3,929.728,31.799,3,126,2,557,1668,"RFP","Airpore Old 3"
"6682",4,929.728,69.836,15,255,2,557,1668,"RFP","Airpore Medium 1"
"6683",5,929.728,65.089,15,205,2,557,1668,"RFP","Airpore Medium 2"
"6684",6,4123.441,48.579,3,214,2,557,1668,"RFP","Background"
"6685",1,929.728,3.027,0,23,1,558,1671,"CFP","Airpore Old 1"
"6686",2,929.728,6.511,0,35,1,558,1671,"CFP","Airpore Old 2"
"6687",3,929.728,3.603,0,23,1,558,1671,"CFP","Airpore Old 3"
"6688",4,929.728,7.498,0,61,1,558,1671,"CFP","Airpore Medium 1"
"6689",5,929.728,5.831,0,24,1,558,1671,"CFP","Airpore Medium 2"
"6690",6,4123.441,5.08,0,40,1,558,1671,"CFP","Background"
"6691",1,929.728,33.364,3,91,2,558,1671,"RFP","Airpore Old 1"
"6692",2,929.728,80.566,8,255,2,558,1671,"RFP","Airpore Old 2"
"6693",3,929.728,31.282,0,117,2,558,1671,"RFP","Airpore Old 3"
"6694",4,929.728,70.017,15,255,2,558,1671,"RFP","Airpore Medium 1"
"6695",5,929.728,64.546,15,238,2,558,1671,"RFP","Airpore Medium 2"
"6696",6,4123.441,48.591,3,175,2,558,1671,"RFP","Background"
"6697",1,929.728,2.956,0,19,1,559,1674,"CFP","Airpore Old 1"
"6698",2,929.728,6.255,0,35,1,559,1674,"CFP","Airpore Old 2"
"6699",3,929.728,3.47,0,35,1,559,1674,"CFP","Airpore Old 3"
"6700",4,929.728,7.672,0,36,1,559,1674,"CFP","Airpore Medium 1"
"6701",5,929.728,5.798,0,31,1,559,1674,"CFP","Airpore Medium 2"
"6702",6,4123.441,4.957,0,35,1,559,1674,"CFP","Background"
"6703",1,929.728,33.229,3,120,2,559,1674,"RFP","Airpore Old 1"
"6704",2,929.728,81.009,7,255,2,559,1674,"RFP","Airpore Old 2"
"6705",3,929.728,30.993,3,122,2,559,1674,"RFP","Airpore Old 3"
"6706",4,929.728,69.556,15,255,2,559,1674,"RFP","Airpore Medium 1"
"6707",5,929.728,65.533,15,199,2,559,1674,"RFP","Airpore Medium 2"
"6708",6,4123.441,48.742,3,189,2,559,1674,"RFP","Background"
"6709",1,929.728,2.819,0,24,1,560,1677,"CFP","Airpore Old 1"
"6710",2,929.728,6.61,0,39,1,560,1677,"CFP","Airpore Old 2"
"6711",3,929.728,3.427,0,27,1,560,1677,"CFP","Airpore Old 3"
"6712",4,929.728,7.456,0,28,1,560,1677,"CFP","Airpore Medium 1"
"6713",5,929.728,5.907,0,27,1,560,1677,"CFP","Airpore Medium 2"
"6714",6,4123.441,5.014,0,39,1,560,1677,"CFP","Background"
"6715",1,929.728,33.333,3,91,2,560,1677,"RFP","Airpore Old 1"
"6716",2,929.728,79.199,7,255,2,560,1677,"RFP","Airpore Old 2"
"6717",3,929.728,31.773,3,147,2,560,1677,"RFP","Airpore Old 3"
"6718",4,929.728,69.51,11,255,2,560,1677,"RFP","Airpore Medium 1"
"6719",5,929.728,65.491,11,255,2,560,1677,"RFP","Airpore Medium 2"
"6720",6,4123.441,48.388,3,192,2,560,1677,"RFP","Background"
"6721",1,929.728,3.006,0,20,1,561,1680,"CFP","Airpore Old 1"
"6722",2,929.728,6.465,0,39,1,561,1680,"CFP","Airpore Old 2"
"6723",3,929.728,3.703,0,31,1,561,1680,"CFP","Airpore Old 3"
"6724",4,929.728,7.357,0,36,1,561,1680,"CFP","Airpore Medium 1"
"6725",5,929.728,5.672,0,31,1,561,1680,"CFP","Airpore Medium 2"
"6726",6,4123.441,4.922,0,36,1,561,1680,"CFP","Background"
"6727",1,929.728,32.934,3,84,2,561,1680,"RFP","Airpore Old 1"
"6728",2,929.728,80.693,3,255,2,561,1680,"RFP","Airpore Old 2"
"6729",3,929.728,31.164,0,126,2,561,1680,"RFP","Airpore Old 3"
"6730",4,929.728,70.059,11,255,2,561,1680,"RFP","Airpore Medium 1"
"6731",5,929.728,65.451,15,233,2,561,1680,"RFP","Airpore Medium 2"
"6732",6,4123.441,48.371,3,193,2,561,1680,"RFP","Background"
"6733",1,929.728,2.973,0,23,1,562,1683,"CFP","Airpore Old 1"
"6734",2,929.728,6.413,0,39,1,562,1683,"CFP","Airpore Old 2"
"6735",3,929.728,3.535,0,39,1,562,1683,"CFP","Airpore Old 3"
"6736",4,929.728,7.365,0,27,1,562,1683,"CFP","Airpore Medium 1"
"6737",5,929.728,5.945,0,36,1,562,1683,"CFP","Airpore Medium 2"
"6738",6,4123.441,4.908,0,35,1,562,1683,"CFP","Background"
"6739",1,929.728,33.578,3,88,2,562,1683,"RFP","Airpore Old 1"
"6740",2,929.728,80.08,12,255,2,562,1683,"RFP","Airpore Old 2"
"6741",3,929.728,31.137,0,135,2,562,1683,"RFP","Airpore Old 3"
"6742",4,929.728,69.268,15,255,2,562,1683,"RFP","Airpore Medium 1"
"6743",5,929.728,65.415,11,230,2,562,1683,"RFP","Airpore Medium 2"
"6744",6,4123.441,48.205,0,218,2,562,1683,"RFP","Background"
"6745",1,929.728,2.97,0,15,1,563,1686,"CFP","Airpore Old 1"
"6746",2,929.728,6.425,0,35,1,563,1686,"CFP","Airpore Old 2"
"6747",3,929.728,3.506,0,23,1,563,1686,"CFP","Airpore Old 3"
"6748",4,929.728,7.428,0,31,1,563,1686,"CFP","Airpore Medium 1"
"6749",5,929.728,5.766,0,31,1,563,1686,"CFP","Airpore Medium 2"
"6750",6,4123.441,4.908,0,42,1,563,1686,"CFP","Background"
"6751",1,929.728,33.83,3,96,2,563,1686,"RFP","Airpore Old 1"
"6752",2,929.728,79.796,8,255,2,563,1686,"RFP","Airpore Old 2"
"6753",3,929.728,31.73,3,111,2,563,1686,"RFP","Airpore Old 3"
"6754",4,929.728,70.242,12,255,2,563,1686,"RFP","Airpore Medium 1"
"6755",5,929.728,65.655,3,198,2,563,1686,"RFP","Airpore Medium 2"
"6756",6,4123.441,48.474,3,186,2,563,1686,"RFP","Background"
"6757",1,929.728,2.892,0,19,1,564,1689,"CFP","Airpore Old 1"
"6758",2,929.728,6.346,0,35,1,564,1689,"CFP","Airpore Old 2"
"6759",3,929.728,3.478,0,24,1,564,1689,"CFP","Airpore Old 3"
"6760",4,929.728,7.439,0,27,1,564,1689,"CFP","Airpore Medium 1"
"6761",5,929.728,5.939,0,31,1,564,1689,"CFP","Airpore Medium 2"
"6762",6,4123.441,5.019,0,39,1,564,1689,"CFP","Background"
"6763",1,929.728,32.722,3,84,2,564,1689,"RFP","Airpore Old 1"
"6764",2,929.728,79.616,12,255,2,564,1689,"RFP","Airpore Old 2"
"6765",3,929.728,31.309,0,127,2,564,1689,"RFP","Airpore Old 3"
"6766",4,929.728,69.266,15,255,2,564,1689,"RFP","Airpore Medium 1"
"6767",5,929.728,65.228,12,251,2,564,1689,"RFP","Airpore Medium 2"
"6768",6,4123.441,48.446,3,167,2,564,1689,"RFP","Background"
"6769",1,929.728,3.088,0,28,1,565,1692,"CFP","Airpore Old 1"
"6770",2,929.728,6.301,0,36,1,565,1692,"CFP","Airpore Old 2"
"6771",3,929.728,3.528,0,30,1,565,1692,"CFP","Airpore Old 3"
"6772",4,929.728,7.198,0,31,1,565,1692,"CFP","Airpore Medium 1"
"6773",5,929.728,5.768,0,27,1,565,1692,"CFP","Airpore Medium 2"
"6774",6,4123.441,4.888,0,42,1,565,1692,"CFP","Background"
"6775",1,929.728,32.651,3,88,2,565,1692,"RFP","Airpore Old 1"
"6776",2,929.728,80.261,11,255,2,565,1692,"RFP","Airpore Old 2"
"6777",3,929.728,30.98,3,108,2,565,1692,"RFP","Airpore Old 3"
"6778",4,929.728,69.059,19,255,2,565,1692,"RFP","Airpore Medium 1"
"6779",5,929.728,65.19,12,217,2,565,1692,"RFP","Airpore Medium 2"
"6780",6,4123.441,47.612,0,218,2,565,1692,"RFP","Background"
"6781",1,929.728,2.98,0,26,1,566,1695,"CFP","Airpore Old 1"
"6782",2,929.728,6.225,0,35,1,566,1695,"CFP","Airpore Old 2"
"6783",3,929.728,3.467,0,31,1,566,1695,"CFP","Airpore Old 3"
"6784",4,929.728,7.393,0,41,1,566,1695,"CFP","Airpore Medium 1"
"6785",5,929.728,5.771,0,27,1,566,1695,"CFP","Airpore Medium 2"
"6786",6,4123.441,4.841,0,31,1,566,1695,"CFP","Background"
"6787",1,929.728,32.682,3,96,2,566,1695,"RFP","Airpore Old 1"
"6788",2,929.728,79.131,11,255,2,566,1695,"RFP","Airpore Old 2"
"6789",3,929.728,30.503,0,108,2,566,1695,"RFP","Airpore Old 3"
"6790",4,929.728,69.431,15,255,2,566,1695,"RFP","Airpore Medium 1"
"6791",5,929.728,65.517,11,218,2,566,1695,"RFP","Airpore Medium 2"
"6792",6,4123.441,47.231,3,173,2,566,1695,"RFP","Background"
"6793",1,929.728,2.874,0,19,1,567,1698,"CFP","Airpore Old 1"
"6794",2,929.728,6.395,0,31,1,567,1698,"CFP","Airpore Old 2"
"6795",3,929.728,3.307,0,31,1,567,1698,"CFP","Airpore Old 3"
"6796",4,929.728,7.459,0,39,1,567,1698,"CFP","Airpore Medium 1"
"6797",5,929.728,5.716,0,41,1,567,1698,"CFP","Airpore Medium 2"
"6798",6,4123.441,4.877,0,29,1,567,1698,"CFP","Background"
"6799",1,929.728,32.18,3,85,2,567,1698,"RFP","Airpore Old 1"
"6800",2,929.728,80.48,11,255,2,567,1698,"RFP","Airpore Old 2"
"6801",3,929.728,30.557,0,124,2,567,1698,"RFP","Airpore Old 3"
"6802",4,929.728,68.799,15,255,2,567,1698,"RFP","Airpore Medium 1"
"6803",5,929.728,64.776,15,186,2,567,1698,"RFP","Airpore Medium 2"
"6804",6,4123.441,46.991,3,164,2,567,1698,"RFP","Background"
"6805",1,929.728,2.856,0,16,1,568,1701,"CFP","Airpore Old 1"
"6806",2,929.728,6.24,0,39,1,568,1701,"CFP","Airpore Old 2"
"6807",3,929.728,3.315,0,24,1,568,1701,"CFP","Airpore Old 3"
"6808",4,929.728,7.358,0,35,1,568,1701,"CFP","Airpore Medium 1"
"6809",5,929.728,5.719,0,28,1,568,1701,"CFP","Airpore Medium 2"
"6810",6,4123.441,4.923,0,37,1,568,1701,"CFP","Background"
"6811",1,929.728,32.302,3,88,2,568,1701,"RFP","Airpore Old 1"
"6812",2,929.728,80.002,7,255,2,568,1701,"RFP","Airpore Old 2"
"6813",3,929.728,31.139,0,124,2,568,1701,"RFP","Airpore Old 3"
"6814",4,929.728,69.31,11,255,2,568,1701,"RFP","Airpore Medium 1"
"6815",5,929.728,64.71,11,179,2,568,1701,"RFP","Airpore Medium 2"
"6816",6,4123.441,47.554,3,190,2,568,1701,"RFP","Background"
"6817",1,929.728,2.867,0,19,1,569,1704,"CFP","Airpore Old 1"
"6818",2,929.728,6.337,0,44,1,569,1704,"CFP","Airpore Old 2"
"6819",3,929.728,3.441,0,23,1,569,1704,"CFP","Airpore Old 3"
"6820",4,929.728,7.345,0,31,1,569,1704,"CFP","Airpore Medium 1"
"6821",5,929.728,5.76,0,31,1,569,1704,"CFP","Airpore Medium 2"
"6822",6,4123.441,4.958,0,39,1,569,1704,"CFP","Background"
"6823",1,929.728,32.564,0,98,2,569,1704,"RFP","Airpore Old 1"
"6824",2,929.728,79.554,11,255,2,569,1704,"RFP","Airpore Old 2"
"6825",3,929.728,31.109,3,115,2,569,1704,"RFP","Airpore Old 3"
"6826",4,929.728,69.019,19,255,2,569,1704,"RFP","Airpore Medium 1"
"6827",5,929.728,64.829,12,218,2,569,1704,"RFP","Airpore Medium 2"
"6828",6,4123.441,47.452,3,214,2,569,1704,"RFP","Background"
"6829",1,929.728,2.981,0,23,1,570,1707,"CFP","Airpore Old 1"
"6830",2,929.728,6.136,0,39,1,570,1707,"CFP","Airpore Old 2"
"6831",3,929.728,3.385,0,23,1,570,1707,"CFP","Airpore Old 3"
"6832",4,929.728,7.226,0,27,1,570,1707,"CFP","Airpore Medium 1"
"6833",5,929.728,5.683,0,27,1,570,1707,"CFP","Airpore Medium 2"
"6834",6,4123.441,4.831,0,54,1,570,1707,"CFP","Background"
"6835",1,929.728,32.917,3,87,2,570,1707,"RFP","Airpore Old 1"
"6836",2,929.728,80.829,11,255,2,570,1707,"RFP","Airpore Old 2"
"6837",3,929.728,31.655,3,116,2,570,1707,"RFP","Airpore Old 3"
"6838",4,929.728,69.708,12,255,2,570,1707,"RFP","Airpore Medium 1"
"6839",5,929.728,64.585,11,218,2,570,1707,"RFP","Airpore Medium 2"
"6840",6,4123.441,47.521,3,171,2,570,1707,"RFP","Background"
"6841",1,929.728,2.724,0,23,1,571,1710,"CFP","Airpore Old 1"
"6842",2,929.728,6.237,0,31,1,571,1710,"CFP","Airpore Old 2"
"6843",3,929.728,3.44,0,35,1,571,1710,"CFP","Airpore Old 3"
"6844",4,929.728,7.356,0,31,1,571,1710,"CFP","Airpore Medium 1"
"6845",5,929.728,5.779,0,47,1,571,1710,"CFP","Airpore Medium 2"
"6846",6,4123.441,4.838,0,42,1,571,1710,"CFP","Background"
"6847",1,929.728,32.643,3,92,2,571,1710,"RFP","Airpore Old 1"
"6848",2,929.728,81.03,11,255,2,571,1710,"RFP","Airpore Old 2"
"6849",3,929.728,31.075,3,136,2,571,1710,"RFP","Airpore Old 3"
"6850",4,929.728,70.473,15,255,2,571,1710,"RFP","Airpore Medium 1"
"6851",5,929.728,64.656,7,186,2,571,1710,"RFP","Airpore Medium 2"
"6852",6,4123.441,47.684,0,183,2,571,1710,"RFP","Background"
"6853",1,929.728,2.695,0,27,1,572,1713,"CFP","Airpore Old 1"
"6854",2,929.728,6.074,0,37,1,572,1713,"CFP","Airpore Old 2"
"6855",3,929.728,3.562,0,44,1,572,1713,"CFP","Airpore Old 3"
"6856",4,929.728,7.197,0,35,1,572,1713,"CFP","Airpore Medium 1"
"6857",5,929.728,5.726,0,31,1,572,1713,"CFP","Airpore Medium 2"
"6858",6,4123.441,4.778,0,36,1,572,1713,"CFP","Background"
"6859",1,929.728,32.261,3,84,2,572,1713,"RFP","Airpore Old 1"
"6860",2,929.728,78.607,11,255,2,572,1713,"RFP","Airpore Old 2"
"6861",3,929.728,32.041,0,146,2,572,1713,"RFP","Airpore Old 3"
"6862",4,929.728,70.06,15,255,2,572,1713,"RFP","Airpore Medium 1"
"6863",5,929.728,65.42,15,195,2,572,1713,"RFP","Airpore Medium 2"
"6864",6,4123.441,47.677,0,199,2,572,1713,"RFP","Background"
"6865",1,929.728,2.823,0,24,1,573,1716,"CFP","Airpore Old 1"
"6866",2,929.728,6.207,0,39,1,573,1716,"CFP","Airpore Old 2"
"6867",3,929.728,3.527,0,24,1,573,1716,"CFP","Airpore Old 3"
"6868",4,929.728,7.578,0,35,1,573,1716,"CFP","Airpore Medium 1"
"6869",5,929.728,5.963,0,64,1,573,1716,"CFP","Airpore Medium 2"
"6870",6,4123.441,4.798,0,53,1,573,1716,"CFP","Background"
"6871",1,929.728,32.379,3,97,2,573,1716,"RFP","Airpore Old 1"
"6872",2,929.728,79.887,7,255,2,573,1716,"RFP","Airpore Old 2"
"6873",3,929.728,31.354,0,119,2,573,1716,"RFP","Airpore Old 3"
"6874",4,929.728,68.958,12,255,2,573,1716,"RFP","Airpore Medium 1"
"6875",5,929.728,64.176,11,183,2,573,1716,"RFP","Airpore Medium 2"
"6876",6,4123.441,47.463,0,187,2,573,1716,"RFP","Background"
"6877",1,929.728,2.899,0,16,1,574,1719,"CFP","Airpore Old 1"
"6878",2,929.728,6.046,0,31,1,574,1719,"CFP","Airpore Old 2"
"6879",3,929.728,3.48,0,23,1,574,1719,"CFP","Airpore Old 3"
"6880",4,929.728,7.255,0,34,1,574,1719,"CFP","Airpore Medium 1"
"6881",5,929.728,5.664,0,31,1,574,1719,"CFP","Airpore Medium 2"
"6882",6,4123.441,4.75,0,52,1,574,1719,"CFP","Background"
"6883",1,929.728,32.169,3,84,2,574,1719,"RFP","Airpore Old 1"
"6884",2,929.728,79.907,15,255,2,574,1719,"RFP","Airpore Old 2"
"6885",3,929.728,31.238,3,109,2,574,1719,"RFP","Airpore Old 3"
"6886",4,929.728,70.295,23,255,2,574,1719,"RFP","Airpore Medium 1"
"6887",5,929.728,65.271,15,201,2,574,1719,"RFP","Airpore Medium 2"
"6888",6,4123.441,46.957,3,168,2,574,1719,"RFP","Background"
"6889",1,929.728,2.977,0,24,1,575,1722,"CFP","Airpore Old 1"
"6890",2,929.728,6.307,0,41,1,575,1722,"CFP","Airpore Old 2"
"6891",3,929.728,3.5,0,31,1,575,1722,"CFP","Airpore Old 3"
"6892",4,929.728,7.413,0,27,1,575,1722,"CFP","Airpore Medium 1"
"6893",5,929.728,5.978,0,38,1,575,1722,"CFP","Airpore Medium 2"
"6894",6,4123.441,4.783,0,31,1,575,1722,"CFP","Background"
"6895",1,929.728,32.411,3,92,2,575,1722,"RFP","Airpore Old 1"
"6896",2,929.728,79.616,11,255,2,575,1722,"RFP","Airpore Old 2"
"6897",3,929.728,31.352,0,106,2,575,1722,"RFP","Airpore Old 3"
"6898",4,929.728,69.58,15,255,2,575,1722,"RFP","Airpore Medium 1"
"6899",5,929.728,65.46,15,196,2,575,1722,"RFP","Airpore Medium 2"
"6900",6,4123.441,47.121,3,167,2,575,1722,"RFP","Background"
"6901",1,929.728,2.767,0,19,1,576,1725,"CFP","Airpore Old 1"
"6902",2,929.728,6.213,0,39,1,576,1725,"CFP","Airpore Old 2"
"6903",3,929.728,3.54,0,27,1,576,1725,"CFP","Airpore Old 3"
"6904",4,929.728,7.332,0,46,1,576,1725,"CFP","Airpore Medium 1"
"6905",5,929.728,5.716,0,35,1,576,1725,"CFP","Airpore Medium 2"
"6906",6,4123.441,4.777,0,35,1,576,1725,"CFP","Background"
"6907",1,929.728,31.614,3,91,2,576,1725,"RFP","Airpore Old 1"
"6908",2,929.728,79.549,3,255,2,576,1725,"RFP","Airpore Old 2"
"6909",3,929.728,31.365,0,125,2,576,1725,"RFP","Airpore Old 3"
"6910",4,929.728,69.178,19,255,2,576,1725,"RFP","Airpore Medium 1"
"6911",5,929.728,65.291,15,202,2,576,1725,"RFP","Airpore Medium 2"
"6912",6,4123.441,47.083,3,191,2,576,1725,"RFP","Background"
"6913",1,929.728,2.965,0,20,1,577,1728,"CFP","Airpore Old 1"
"6914",2,929.728,6.276,0,47,1,577,1728,"CFP","Airpore Old 2"
"6915",3,929.728,3.36,0,27,1,577,1728,"CFP","Airpore Old 3"
"6916",4,929.728,7.394,0,31,1,577,1728,"CFP","Airpore Medium 1"
"6917",5,929.728,5.799,0,27,1,577,1728,"CFP","Airpore Medium 2"
"6918",6,4123.441,4.785,0,41,1,577,1728,"CFP","Background"
"6919",1,929.728,32.669,3,83,2,577,1728,"RFP","Airpore Old 1"
"6920",2,929.728,79.389,11,255,2,577,1728,"RFP","Airpore Old 2"
"6921",3,929.728,30.89,0,146,2,577,1728,"RFP","Airpore Old 3"
"6922",4,929.728,70.143,11,255,2,577,1728,"RFP","Airpore Medium 1"
"6923",5,929.728,64.08,11,185,2,577,1728,"RFP","Airpore Medium 2"
"6924",6,4123.441,46.872,0,212,2,577,1728,"RFP","Background"
"6925",1,929.728,2.829,0,20,1,578,1731,"CFP","Airpore Old 1"
"6926",2,929.728,5.96,0,46,1,578,1731,"CFP","Airpore Old 2"
"6927",3,929.728,3.341,0,24,1,578,1731,"CFP","Airpore Old 3"
"6928",4,929.728,7.455,0,44,1,578,1731,"CFP","Airpore Medium 1"
"6929",5,929.728,5.665,0,27,1,578,1731,"CFP","Airpore Medium 2"
"6930",6,4123.441,4.757,0,30,1,578,1731,"CFP","Background"
"6931",1,929.728,32.248,0,84,2,578,1731,"RFP","Airpore Old 1"
"6932",2,929.728,79.896,7,255,2,578,1731,"RFP","Airpore Old 2"
"6933",3,929.728,31.355,0,141,2,578,1731,"RFP","Airpore Old 3"
"6934",4,929.728,69.327,12,255,2,578,1731,"RFP","Airpore Medium 1"
"6935",5,929.728,63.956,15,176,2,578,1731,"RFP","Airpore Medium 2"
"6936",6,4123.441,46.803,3,156,2,578,1731,"RFP","Background"
"6937",1,929.728,2.957,0,19,1,579,1734,"CFP","Airpore Old 1"
"6938",2,929.728,6.055,0,35,1,579,1734,"CFP","Airpore Old 2"
"6939",3,929.728,3.603,0,28,1,579,1734,"CFP","Airpore Old 3"
"6940",4,929.728,7.486,0,31,1,579,1734,"CFP","Airpore Medium 1"
"6941",5,929.728,5.727,0,37,1,579,1734,"CFP","Airpore Medium 2"
"6942",6,4123.441,4.774,0,35,1,579,1734,"CFP","Background"
"6943",1,929.728,31.928,3,84,2,579,1734,"RFP","Airpore Old 1"
"6944",2,929.728,80.036,12,255,2,579,1734,"RFP","Airpore Old 2"
"6945",3,929.728,31.146,0,111,2,579,1734,"RFP","Airpore Old 3"
"6946",4,929.728,69.643,11,255,2,579,1734,"RFP","Airpore Medium 1"
"6947",5,929.728,64.467,15,182,2,579,1734,"RFP","Airpore Medium 2"
"6948",6,4123.441,46.901,3,166,2,579,1734,"RFP","Background"
"6949",1,929.728,2.87,0,25,1,580,1737,"CFP","Airpore Old 1"
"6950",2,929.728,6.337,0,39,1,580,1737,"CFP","Airpore Old 2"
"6951",3,929.728,3.252,0,19,1,580,1737,"CFP","Airpore Old 3"
"6952",4,929.728,7.599,0,31,1,580,1737,"CFP","Airpore Medium 1"
"6953",5,929.728,5.881,0,27,1,580,1737,"CFP","Airpore Medium 2"
"6954",6,4123.441,4.818,0,73,1,580,1737,"CFP","Background"
"6955",1,929.728,32.379,3,91,2,580,1737,"RFP","Airpore Old 1"
"6956",2,929.728,79.027,12,255,2,580,1737,"RFP","Airpore Old 2"
"6957",3,929.728,30.869,0,120,2,580,1737,"RFP","Airpore Old 3"
"6958",4,929.728,69.221,12,255,2,580,1737,"RFP","Airpore Medium 1"
"6959",5,929.728,64.571,11,212,2,580,1737,"RFP","Airpore Medium 2"
"6960",6,4123.441,46.304,3,183,2,580,1737,"RFP","Background"
"6961",1,929.728,3.009,0,31,1,581,1740,"CFP","Airpore Old 1"
"6962",2,929.728,5.854,0,31,1,581,1740,"CFP","Airpore Old 2"
"6963",3,929.728,3.465,0,31,1,581,1740,"CFP","Airpore Old 3"
"6964",4,929.728,7.311,0,43,1,581,1740,"CFP","Airpore Medium 1"
"6965",5,929.728,5.752,0,60,1,581,1740,"CFP","Airpore Medium 2"
"6966",6,4123.441,4.759,0,35,1,581,1740,"CFP","Background"
"6967",1,929.728,31.827,3,116,2,581,1740,"RFP","Airpore Old 1"
"6968",2,929.728,78.599,11,255,2,581,1740,"RFP","Airpore Old 2"
"6969",3,929.728,30.962,0,111,2,581,1740,"RFP","Airpore Old 3"
"6970",4,929.728,68.764,19,255,2,581,1740,"RFP","Airpore Medium 1"
"6971",5,929.728,63.983,11,154,2,581,1740,"RFP","Airpore Medium 2"
"6972",6,4123.441,45.892,0,174,2,581,1740,"RFP","Background"
"6973",1,929.728,2.891,0,23,1,582,1743,"CFP","Airpore Old 1"
"6974",2,929.728,6.178,0,36,1,582,1743,"CFP","Airpore Old 2"
"6975",3,929.728,3.426,0,27,1,582,1743,"CFP","Airpore Old 3"
"6976",4,929.728,7.457,0,32,1,582,1743,"CFP","Airpore Medium 1"
"6977",5,929.728,5.9,0,27,1,582,1743,"CFP","Airpore Medium 2"
"6978",6,4123.441,4.79,0,31,1,582,1743,"CFP","Background"
"6979",1,929.728,31.033,0,80,2,582,1743,"RFP","Airpore Old 1"
"6980",2,929.728,79.044,12,255,2,582,1743,"RFP","Airpore Old 2"
"6981",3,929.728,30.595,3,130,2,582,1743,"RFP","Airpore Old 3"
"6982",4,929.728,69.017,7,255,2,582,1743,"RFP","Airpore Medium 1"
"6983",5,929.728,64.645,15,189,2,582,1743,"RFP","Airpore Medium 2"
"6984",6,4123.441,46.081,0,158,2,582,1743,"RFP","Background"
"6985",1,929.728,2.853,0,20,1,583,1746,"CFP","Airpore Old 1"
"6986",2,929.728,6.093,0,32,1,583,1746,"CFP","Airpore Old 2"
"6987",3,929.728,3.451,0,27,1,583,1746,"CFP","Airpore Old 3"
"6988",4,929.728,7.431,0,31,1,583,1746,"CFP","Airpore Medium 1"
"6989",5,929.728,5.812,0,33,1,583,1746,"CFP","Airpore Medium 2"
"6990",6,4123.441,4.828,0,35,1,583,1746,"CFP","Background"
"6991",1,929.728,31.296,3,87,2,583,1746,"RFP","Airpore Old 1"
"6992",2,929.728,79.407,11,255,2,583,1746,"RFP","Airpore Old 2"
"6993",3,929.728,30.462,0,102,2,583,1746,"RFP","Airpore Old 3"
"6994",4,929.728,69.096,15,255,2,583,1746,"RFP","Airpore Medium 1"
"6995",5,929.728,64.457,12,167,2,583,1746,"RFP","Airpore Medium 2"
"6996",6,4123.441,46.142,3,163,2,583,1746,"RFP","Background"
"6997",1,929.728,2.864,0,34,1,584,1749,"CFP","Airpore Old 1"
"6998",2,929.728,6.386,0,39,1,584,1749,"CFP","Airpore Old 2"
"6999",3,929.728,3.413,0,23,1,584,1749,"CFP","Airpore Old 3"
"7000",4,929.728,7.095,0,31,1,584,1749,"CFP","Airpore Medium 1"
"7001",5,929.728,5.739,0,31,1,584,1749,"CFP","Airpore Medium 2"
"7002",6,4123.441,4.648,0,35,1,584,1749,"CFP","Background"
"7003",1,929.728,31.676,0,87,2,584,1749,"RFP","Airpore Old 1"
"7004",2,929.728,79.202,3,255,2,584,1749,"RFP","Airpore Old 2"
"7005",3,929.728,31.054,3,108,2,584,1749,"RFP","Airpore Old 3"
"7006",4,929.728,69.642,12,255,2,584,1749,"RFP","Airpore Medium 1"
"7007",5,929.728,64.409,15,203,2,584,1749,"RFP","Airpore Medium 2"
"7008",6,4123.441,46.219,0,173,2,584,1749,"RFP","Background"
"7009",1,929.728,3.067,0,20,1,585,1752,"CFP","Airpore Old 1"
"7010",2,929.728,6.143,0,31,1,585,1752,"CFP","Airpore Old 2"
"7011",3,929.728,3.365,0,31,1,585,1752,"CFP","Airpore Old 3"
"7012",4,929.728,7.467,0,74,1,585,1752,"CFP","Airpore Medium 1"
"7013",5,929.728,5.726,0,29,1,585,1752,"CFP","Airpore Medium 2"
"7014",6,4123.441,4.797,0,31,1,585,1752,"CFP","Background"
"7015",1,929.728,32.103,0,87,2,585,1752,"RFP","Airpore Old 1"
"7016",2,929.728,80.112,11,255,2,585,1752,"RFP","Airpore Old 2"
"7017",3,929.728,31.315,0,119,2,585,1752,"RFP","Airpore Old 3"
"7018",4,929.728,69.598,19,255,2,585,1752,"RFP","Airpore Medium 1"
"7019",5,929.728,65.282,15,182,2,585,1752,"RFP","Airpore Medium 2"
"7020",6,4123.441,46.665,0,159,2,585,1752,"RFP","Background"
"7021",1,929.728,2.87,0,19,1,586,1755,"CFP","Airpore Old 1"
"7022",2,929.728,6.072,0,31,1,586,1755,"CFP","Airpore Old 2"
"7023",3,929.728,3.291,0,20,1,586,1755,"CFP","Airpore Old 3"
"7024",4,929.728,7.323,0,27,1,586,1755,"CFP","Airpore Medium 1"
"7025",5,929.728,5.68,0,34,1,586,1755,"CFP","Airpore Medium 2"
"7026",6,4123.441,4.785,0,27,1,586,1755,"CFP","Background"
"7027",1,929.728,31.635,3,129,2,586,1755,"RFP","Airpore Old 1"
"7028",2,929.728,79.948,11,255,2,586,1755,"RFP","Airpore Old 2"
"7029",3,929.728,30.854,3,135,2,586,1755,"RFP","Airpore Old 3"
"7030",4,929.728,69.009,15,255,2,586,1755,"RFP","Airpore Medium 1"
"7031",5,929.728,65.396,15,173,2,586,1755,"RFP","Airpore Medium 2"
"7032",6,4123.441,46.377,3,143,2,586,1755,"RFP","Background"
"7033",1,929.728,2.902,0,31,1,587,1758,"CFP","Airpore Old 1"
"7034",2,929.728,6.223,0,38,1,587,1758,"CFP","Airpore Old 2"
"7035",3,929.728,3.352,0,20,1,587,1758,"CFP","Airpore Old 3"
"7036",4,929.728,7.403,0,56,1,587,1758,"CFP","Airpore Medium 1"
"7037",5,929.728,5.933,0,43,1,587,1758,"CFP","Airpore Medium 2"
"7038",6,4123.441,4.692,0,31,1,587,1758,"CFP","Background"
"7039",1,929.728,31.734,3,130,2,587,1758,"RFP","Airpore Old 1"
"7040",2,929.728,79.741,7,255,2,587,1758,"RFP","Airpore Old 2"
"7041",3,929.728,30.523,3,217,2,587,1758,"RFP","Airpore Old 3"
"7042",4,929.728,69.782,15,255,2,587,1758,"RFP","Airpore Medium 1"
"7043",5,929.728,64.527,19,186,2,587,1758,"RFP","Airpore Medium 2"
"7044",6,4123.441,46.418,3,189,2,587,1758,"RFP","Background"
"7045",1,929.728,2.872,0,30,1,588,1761,"CFP","Airpore Old 1"
"7046",2,929.728,6.233,0,39,1,588,1761,"CFP","Airpore Old 2"
"7047",3,929.728,3.38,0,27,1,588,1761,"CFP","Airpore Old 3"
"7048",4,929.728,7.429,0,32,1,588,1761,"CFP","Airpore Medium 1"
"7049",5,929.728,5.667,0,27,1,588,1761,"CFP","Airpore Medium 2"
"7050",6,4123.441,4.637,0,34,1,588,1761,"CFP","Background"
"7051",1,929.728,31.442,0,88,2,588,1761,"RFP","Airpore Old 1"
"7052",2,929.728,80.359,7,255,2,588,1761,"RFP","Airpore Old 2"
"7053",3,929.728,30.711,0,122,2,588,1761,"RFP","Airpore Old 3"
"7054",4,929.728,69.941,19,255,2,588,1761,"RFP","Airpore Medium 1"
"7055",5,929.728,64.412,15,188,2,588,1761,"RFP","Airpore Medium 2"
"7056",6,4123.441,45.847,3,162,2,588,1761,"RFP","Background"
"7057",1,929.728,2.83,0,20,1,589,1764,"CFP","Airpore Old 1"
"7058",2,929.728,6.142,0,31,1,589,1764,"CFP","Airpore Old 2"
"7059",3,929.728,3.379,0,23,1,589,1764,"CFP","Airpore Old 3"
"7060",4,929.728,7.241,0,40,1,589,1764,"CFP","Airpore Medium 1"
"7061",5,929.728,5.8,0,24,1,589,1764,"CFP","Airpore Medium 2"
"7062",6,4123.441,4.694,0,35,1,589,1764,"CFP","Background"
"7063",1,929.728,31.431,3,92,2,589,1764,"RFP","Airpore Old 1"
"7064",2,929.728,78.949,7,255,2,589,1764,"RFP","Airpore Old 2"
"7065",3,929.728,30.851,0,165,2,589,1764,"RFP","Airpore Old 3"
"7066",4,929.728,68.826,12,255,2,589,1764,"RFP","Airpore Medium 1"
"7067",5,929.728,64.721,16,188,2,589,1764,"RFP","Airpore Medium 2"
"7068",6,4123.441,46.067,0,141,2,589,1764,"RFP","Background"
"7069",1,929.728,2.978,0,28,1,590,1767,"CFP","Airpore Old 1"
"7070",2,929.728,6.071,0,39,1,590,1767,"CFP","Airpore Old 2"
"7071",3,929.728,3.557,0,41,1,590,1767,"CFP","Airpore Old 3"
"7072",4,929.728,7.303,0,39,1,590,1767,"CFP","Airpore Medium 1"
"7073",5,929.728,5.765,0,23,1,590,1767,"CFP","Airpore Medium 2"
"7074",6,4123.441,4.661,0,43,1,590,1767,"CFP","Background"
"7075",1,929.728,31.543,3,100,2,590,1767,"RFP","Airpore Old 1"
"7076",2,929.728,79.001,11,255,2,590,1767,"RFP","Airpore Old 2"
"7077",3,929.728,31.024,0,131,2,590,1767,"RFP","Airpore Old 3"
"7078",4,929.728,69.725,15,255,2,590,1767,"RFP","Airpore Medium 1"
"7079",5,929.728,64.75,11,172,2,590,1767,"RFP","Airpore Medium 2"
"7080",6,4123.441,46.021,3,151,2,590,1767,"RFP","Background"
"7081",1,929.728,2.806,0,19,1,591,1770,"CFP","Airpore Old 1"
"7082",2,929.728,6.09,0,31,1,591,1770,"CFP","Airpore Old 2"
"7083",3,929.728,3.364,0,31,1,591,1770,"CFP","Airpore Old 3"
"7084",4,929.728,7.376,0,27,1,591,1770,"CFP","Airpore Medium 1"
"7085",5,929.728,5.726,0,27,1,591,1770,"CFP","Airpore Medium 2"
"7086",6,4123.441,4.628,0,35,1,591,1770,"CFP","Background"
"7087",1,929.728,31.369,3,88,2,591,1770,"RFP","Airpore Old 1"
"7088",2,929.728,79.654,8,255,2,591,1770,"RFP","Airpore Old 2"
"7089",3,929.728,31.045,0,113,2,591,1770,"RFP","Airpore Old 3"
"7090",4,929.728,69.374,15,255,2,591,1770,"RFP","Airpore Medium 1"
"7091",5,929.728,64.821,11,181,2,591,1770,"RFP","Airpore Medium 2"
"7092",6,4123.441,46.188,3,209,2,591,1770,"RFP","Background"
"7093",1,929.728,2.748,0,27,1,592,1773,"CFP","Airpore Old 1"
"7094",2,929.728,6.112,0,39,1,592,1773,"CFP","Airpore Old 2"
"7095",3,929.728,3.284,0,27,1,592,1773,"CFP","Airpore Old 3"
"7096",4,929.728,7.312,0,31,1,592,1773,"CFP","Airpore Medium 1"
"7097",5,929.728,5.725,0,27,1,592,1773,"CFP","Airpore Medium 2"
"7098",6,4123.441,4.672,0,44,1,592,1773,"CFP","Background"
"7099",1,929.728,31.757,3,87,2,592,1773,"RFP","Airpore Old 1"
"7100",2,929.728,78.451,3,255,2,592,1773,"RFP","Airpore Old 2"
"7101",3,929.728,31.098,3,128,2,592,1773,"RFP","Airpore Old 3"
"7102",4,929.728,69.759,19,255,2,592,1773,"RFP","Airpore Medium 1"
"7103",5,929.728,65.105,19,201,2,592,1773,"RFP","Airpore Medium 2"
"7104",6,4123.441,45.696,0,157,2,592,1773,"RFP","Background"
"7105",1,929.728,2.643,0,19,1,593,1776,"CFP","Airpore Old 1"
"7106",2,929.728,6.074,0,34,1,593,1776,"CFP","Airpore Old 2"
"7107",3,929.728,3.468,0,27,1,593,1776,"CFP","Airpore Old 3"
"7108",4,929.728,7.371,0,31,1,593,1776,"CFP","Airpore Medium 1"
"7109",5,929.728,5.549,0,31,1,593,1776,"CFP","Airpore Medium 2"
"7110",6,4123.441,4.645,0,31,1,593,1776,"CFP","Background"
"7111",1,929.728,31.277,3,85,2,593,1776,"RFP","Airpore Old 1"
"7112",2,929.728,79.687,7,255,2,593,1776,"RFP","Airpore Old 2"
"7113",3,929.728,31.278,0,123,2,593,1776,"RFP","Airpore Old 3"
"7114",4,929.728,68.773,15,255,2,593,1776,"RFP","Airpore Medium 1"
"7115",5,929.728,64.056,15,202,2,593,1776,"RFP","Airpore Medium 2"
"7116",6,4123.441,45.69,0,186,2,593,1776,"RFP","Background"
"7117",1,929.728,2.717,0,20,1,594,1779,"CFP","Airpore Old 1"
"7118",2,929.728,6.154,0,47,1,594,1779,"CFP","Airpore Old 2"
"7119",3,929.728,3.554,0,34,1,594,1779,"CFP","Airpore Old 3"
"7120",4,929.728,7.522,0,36,1,594,1779,"CFP","Airpore Medium 1"
"7121",5,929.728,5.776,0,27,1,594,1779,"CFP","Airpore Medium 2"
"7122",6,4123.441,4.69,0,49,1,594,1779,"CFP","Background"
"7123",1,929.728,30.811,3,83,2,594,1779,"RFP","Airpore Old 1"
"7124",2,929.728,77.917,7,255,2,594,1779,"RFP","Airpore Old 2"
"7125",3,929.728,30.714,0,144,2,594,1779,"RFP","Airpore Old 3"
"7126",4,929.728,69.158,15,255,2,594,1779,"RFP","Airpore Medium 1"
"7127",5,929.728,64.862,12,177,2,594,1779,"RFP","Airpore Medium 2"
"7128",6,4123.441,45.582,0,160,2,594,1779,"RFP","Background"
"7129",1,929.728,2.739,0,19,1,595,1782,"CFP","Airpore Old 1"
"7130",2,929.728,6.087,0,31,1,595,1782,"CFP","Airpore Old 2"
"7131",3,929.728,3.483,0,27,1,595,1782,"CFP","Airpore Old 3"
"7132",4,929.728,7.454,0,31,1,595,1782,"CFP","Airpore Medium 1"
"7133",5,929.728,5.881,0,33,1,595,1782,"CFP","Airpore Medium 2"
"7134",6,4123.441,4.77,0,36,1,595,1782,"CFP","Background"
"7135",1,929.728,30.603,3,83,2,595,1782,"RFP","Airpore Old 1"
"7136",2,929.728,79.193,11,255,2,595,1782,"RFP","Airpore Old 2"
"7137",3,929.728,30.661,3,123,2,595,1782,"RFP","Airpore Old 3"
"7138",4,929.728,68.58,11,255,2,595,1782,"RFP","Airpore Medium 1"
"7139",5,929.728,63.96,12,183,2,595,1782,"RFP","Airpore Medium 2"
"7140",6,4123.441,45.635,3,156,2,595,1782,"RFP","Background"
"7141",1,929.728,2.908,0,20,1,596,1785,"CFP","Airpore Old 1"
"7142",2,929.728,6.253,0,35,1,596,1785,"CFP","Airpore Old 2"
"7143",3,929.728,3.365,0,36,1,596,1785,"CFP","Airpore Old 3"
"7144",4,929.728,7.594,0,31,1,596,1785,"CFP","Airpore Medium 1"
"7145",5,929.728,5.784,0,32,1,596,1785,"CFP","Airpore Medium 2"
"7146",6,4123.441,4.665,0,36,1,596,1785,"CFP","Background"
"7147",1,929.728,31.014,3,105,2,596,1785,"RFP","Airpore Old 1"
"7148",2,929.728,79.083,11,255,2,596,1785,"RFP","Airpore Old 2"
"7149",3,929.728,30.75,0,131,2,596,1785,"RFP","Airpore Old 3"
"7150",4,929.728,68.552,19,255,2,596,1785,"RFP","Airpore Medium 1"
"7151",5,929.728,63.806,12,168,2,596,1785,"RFP","Airpore Medium 2"
"7152",6,4123.441,45.369,3,177,2,596,1785,"RFP","Background"
"7153",1,929.728,2.694,0,19,1,597,1788,"CFP","Airpore Old 1"
"7154",2,929.728,6.005,0,32,1,597,1788,"CFP","Airpore Old 2"
"7155",3,929.728,3.29,0,20,1,597,1788,"CFP","Airpore Old 3"
"7156",4,929.728,7.438,0,31,1,597,1788,"CFP","Airpore Medium 1"
"7157",5,929.728,5.781,0,28,1,597,1788,"CFP","Airpore Medium 2"
"7158",6,4123.441,4.569,0,32,1,597,1788,"CFP","Background"
"7159",1,929.728,30.852,0,96,2,597,1788,"RFP","Airpore Old 1"
"7160",2,929.728,78.722,3,255,2,597,1788,"RFP","Airpore Old 2"
"7161",3,929.728,30.493,0,123,2,597,1788,"RFP","Airpore Old 3"
"7162",4,929.728,69.26,12,255,2,597,1788,"RFP","Airpore Medium 1"
"7163",5,929.728,64.437,11,172,2,597,1788,"RFP","Airpore Medium 2"
"7164",6,4123.441,45.375,0,166,2,597,1788,"RFP","Background"
"7165",1,929.728,2.825,0,20,1,598,1791,"CFP","Airpore Old 1"
"7166",2,929.728,6.062,0,39,1,598,1791,"CFP","Airpore Old 2"
"7167",3,929.728,3.389,0,23,1,598,1791,"CFP","Airpore Old 3"
"7168",4,929.728,7.498,0,30,1,598,1791,"CFP","Airpore Medium 1"
"7169",5,929.728,5.729,0,24,1,598,1791,"CFP","Airpore Medium 2"
"7170",6,4123.441,4.581,0,27,1,598,1791,"CFP","Background"
"7171",1,929.728,30.711,3,96,2,598,1791,"RFP","Airpore Old 1"
"7172",2,929.728,78.426,7,255,2,598,1791,"RFP","Airpore Old 2"
"7173",3,929.728,30.446,0,118,2,598,1791,"RFP","Airpore Old 3"
"7174",4,929.728,68.695,11,255,2,598,1791,"RFP","Airpore Medium 1"
"7175",5,929.728,64.629,15,230,2,598,1791,"RFP","Airpore Medium 2"
"7176",6,4123.441,45.248,3,144,2,598,1791,"RFP","Background"
"7177",1,929.728,2.863,0,20,1,599,1794,"CFP","Airpore Old 1"
"7178",2,929.728,5.749,0,32,1,599,1794,"CFP","Airpore Old 2"
"7179",3,929.728,3.42,0,27,1,599,1794,"CFP","Airpore Old 3"
"7180",4,929.728,7.281,0,31,1,599,1794,"CFP","Airpore Medium 1"
"7181",5,929.728,5.538,0,35,1,599,1794,"CFP","Airpore Medium 2"
"7182",6,4123.441,4.677,0,39,1,599,1794,"CFP","Background"
"7183",1,929.728,30.919,3,83,2,599,1794,"RFP","Airpore Old 1"
"7184",2,929.728,78.375,7,255,2,599,1794,"RFP","Airpore Old 2"
"7185",3,929.728,30.984,0,124,2,599,1794,"RFP","Airpore Old 3"
"7186",4,929.728,69.678,15,255,2,599,1794,"RFP","Airpore Medium 1"
"7187",5,929.728,64.413,15,165,2,599,1794,"RFP","Airpore Medium 2"
"7188",6,4123.441,45.011,3,166,2,599,1794,"RFP","Background"
"7189",1,929.728,2.719,0,20,1,600,1797,"CFP","Airpore Old 1"
"7190",2,929.728,5.882,0,32,1,600,1797,"CFP","Airpore Old 2"
"7191",3,929.728,3.35,0,27,1,600,1797,"CFP","Airpore Old 3"
"7192",4,929.728,7.391,0,35,1,600,1797,"CFP","Airpore Medium 1"
"7193",5,929.728,5.739,0,31,1,600,1797,"CFP","Airpore Medium 2"
"7194",6,4123.441,4.647,0,41,1,600,1797,"CFP","Background"
"7195",1,929.728,30.944,3,80,2,600,1797,"RFP","Airpore Old 1"
"7196",2,929.728,78.335,3,255,2,600,1797,"RFP","Airpore Old 2"
"7197",3,929.728,30.58,0,112,2,600,1797,"RFP","Airpore Old 3"
"7198",4,929.728,69.114,15,255,2,600,1797,"RFP","Airpore Medium 1"
"7199",5,929.728,64.13,15,180,2,600,1797,"RFP","Airpore Medium 2"
"7200",6,4123.441,45.244,3,186,2,600,1797,"RFP","Background"
"7201",1,929.728,2.742,0,27,1,601,1800,"CFP","Airpore Old 1"
"7202",2,929.728,5.944,0,31,1,601,1800,"CFP","Airpore Old 2"
"7203",3,929.728,3.511,0,38,1,601,1800,"CFP","Airpore Old 3"
"7204",4,929.728,7.371,0,31,1,601,1800,"CFP","Airpore Medium 1"
"7205",5,929.728,5.741,0,27,1,601,1800,"CFP","Airpore Medium 2"
"7206",6,4123.441,4.689,0,46,1,601,1800,"CFP","Background"
"7207",1,929.728,30.858,3,88,2,601,1800,"RFP","Airpore Old 1"
"7208",2,929.728,78.892,8,255,2,601,1800,"RFP","Airpore Old 2"
"7209",3,929.728,30.613,0,124,2,601,1800,"RFP","Airpore Old 3"
"7210",4,929.728,69.611,7,255,2,601,1800,"RFP","Airpore Medium 1"
"7211",5,929.728,64.294,15,177,2,601,1800,"RFP","Airpore Medium 2"
"7212",6,4123.441,45.052,0,159,2,601,1800,"RFP","Background"
"7213",1,929.728,2.767,0,27,1,602,1803,"CFP","Airpore Old 1"
"7214",2,929.728,6.091,0,31,1,602,1803,"CFP","Airpore Old 2"
"7215",3,929.728,3.402,0,24,1,602,1803,"CFP","Airpore Old 3"
"7216",4,929.728,7.57,0,35,1,602,1803,"CFP","Airpore Medium 1"
"7217",5,929.728,5.656,0,31,1,602,1803,"CFP","Airpore Medium 2"
"7218",6,4123.441,4.63,0,36,1,602,1803,"CFP","Background"
"7219",1,929.728,31.023,3,113,2,602,1803,"RFP","Airpore Old 1"
"7220",2,929.728,79.132,11,255,2,602,1803,"RFP","Airpore Old 2"
"7221",3,929.728,30.873,0,111,2,602,1803,"RFP","Airpore Old 3"
"7222",4,929.728,69.155,15,255,2,602,1803,"RFP","Airpore Medium 1"
"7223",5,929.728,64.737,15,242,2,602,1803,"RFP","Airpore Medium 2"
"7224",6,4123.441,45.223,3,165,2,602,1803,"RFP","Background"
"7225",1,929.728,2.855,0,19,1,603,1806,"CFP","Airpore Old 1"
"7226",2,929.728,6.091,0,35,1,603,1806,"CFP","Airpore Old 2"
"7227",3,929.728,3.38,0,23,1,603,1806,"CFP","Airpore Old 3"
"7228",4,929.728,7.541,0,39,1,603,1806,"CFP","Airpore Medium 1"
"7229",5,929.728,5.755,0,27,1,603,1806,"CFP","Airpore Medium 2"
"7230",6,4123.441,4.617,0,31,1,603,1806,"CFP","Background"
"7231",1,929.728,30.896,3,144,2,603,1806,"RFP","Airpore Old 1"
"7232",2,929.728,79.141,7,255,2,603,1806,"RFP","Airpore Old 2"
"7233",3,929.728,30.68,0,118,2,603,1806,"RFP","Airpore Old 3"
"7234",4,929.728,69.008,12,255,2,603,1806,"RFP","Airpore Medium 1"
"7235",5,929.728,65.082,15,186,2,603,1806,"RFP","Airpore Medium 2"
"7236",6,4123.441,45.286,3,173,2,603,1806,"RFP","Background"
"7237",1,929.728,2.779,0,23,1,604,1809,"CFP","Airpore Old 1"
"7238",2,929.728,6.046,0,27,1,604,1809,"CFP","Airpore Old 2"
"7239",3,929.728,3.528,0,27,1,604,1809,"CFP","Airpore Old 3"
"7240",4,929.728,7.512,0,32,1,604,1809,"CFP","Airpore Medium 1"
"7241",5,929.728,5.892,0,35,1,604,1809,"CFP","Airpore Medium 2"
"7242",6,4123.441,4.584,0,27,1,604,1809,"CFP","Background"
"7243",1,929.728,30.719,3,80,2,604,1809,"RFP","Airpore Old 1"
"7244",2,929.728,78.189,7,255,2,604,1809,"RFP","Airpore Old 2"
"7245",3,929.728,31.242,0,119,2,604,1809,"RFP","Airpore Old 3"
"7246",4,929.728,68.519,12,255,2,604,1809,"RFP","Airpore Medium 1"
"7247",5,929.728,65.383,15,230,2,604,1809,"RFP","Airpore Medium 2"
"7248",6,4123.441,44.693,0,144,2,604,1809,"RFP","Background"
"7249",1,929.728,2.755,0,20,1,605,1812,"CFP","Airpore Old 1"
"7250",2,929.728,6.266,0,35,1,605,1812,"CFP","Airpore Old 2"
"7251",3,929.728,3.577,0,27,1,605,1812,"CFP","Airpore Old 3"
"7252",4,929.728,7.297,0,40,1,605,1812,"CFP","Airpore Medium 1"
"7253",5,929.728,5.742,0,31,1,605,1812,"CFP","Airpore Medium 2"
"7254",6,4123.441,4.584,0,35,1,605,1812,"CFP","Background"
"7255",1,929.728,30.383,0,79,2,605,1812,"RFP","Airpore Old 1"
"7256",2,929.728,77.754,3,255,2,605,1812,"RFP","Airpore Old 2"
"7257",3,929.728,30.605,0,181,2,605,1812,"RFP","Airpore Old 3"
"7258",4,929.728,68.97,12,255,2,605,1812,"RFP","Airpore Medium 1"
"7259",5,929.728,65.079,15,169,2,605,1812,"RFP","Airpore Medium 2"
"7260",6,4123.441,45.037,3,157,2,605,1812,"RFP","Background"
"7261",1,929.728,2.616,0,35,1,606,1815,"CFP","Airpore Old 1"
"7262",2,929.728,5.959,0,35,1,606,1815,"CFP","Airpore Old 2"
"7263",3,929.728,3.311,0,27,1,606,1815,"CFP","Airpore Old 3"
"7264",4,929.728,7.198,0,31,1,606,1815,"CFP","Airpore Medium 1"
"7265",5,929.728,5.776,0,27,1,606,1815,"CFP","Airpore Medium 2"
"7266",6,4123.441,4.626,0,45,1,606,1815,"CFP","Background"
"7267",1,929.728,30.381,3,76,2,606,1815,"RFP","Airpore Old 1"
"7268",2,929.728,77.948,3,255,2,606,1815,"RFP","Airpore Old 2"
"7269",3,929.728,30.486,3,134,2,606,1815,"RFP","Airpore Old 3"
"7270",4,929.728,68.817,15,255,2,606,1815,"RFP","Airpore Medium 1"
"7271",5,929.728,64.517,11,189,2,606,1815,"RFP","Airpore Medium 2"
"7272",6,4123.441,44.933,0,172,2,606,1815,"RFP","Background"
"7273",1,929.728,2.674,0,20,1,607,1818,"CFP","Airpore Old 1"
"7274",2,929.728,6.059,0,27,1,607,1818,"CFP","Airpore Old 2"
"7275",3,929.728,3.306,0,23,1,607,1818,"CFP","Airpore Old 3"
"7276",4,929.728,7.161,0,31,1,607,1818,"CFP","Airpore Medium 1"
"7277",5,929.728,5.55,0,27,1,607,1818,"CFP","Airpore Medium 2"
"7278",6,4123.441,4.552,0,39,1,607,1818,"CFP","Background"
"7279",1,929.728,30.674,3,91,2,607,1818,"RFP","Airpore Old 1"
"7280",2,929.728,77.747,11,255,2,607,1818,"RFP","Airpore Old 2"
"7281",3,929.728,30.635,0,131,2,607,1818,"RFP","Airpore Old 3"
"7282",4,929.728,69.82,11,255,2,607,1818,"RFP","Airpore Medium 1"
"7283",5,929.728,64.468,15,174,2,607,1818,"RFP","Airpore Medium 2"
"7284",6,4123.441,44.707,3,149,2,607,1818,"RFP","Background"
"7285",1,929.728,2.721,0,20,1,608,1821,"CFP","Airpore Old 1"
"7286",2,929.728,5.833,0,42,1,608,1821,"CFP","Airpore Old 2"
"7287",3,929.728,3.328,0,27,1,608,1821,"CFP","Airpore Old 3"
"7288",4,929.728,7.422,0,34,1,608,1821,"CFP","Airpore Medium 1"
"7289",5,929.728,5.684,0,27,1,608,1821,"CFP","Airpore Medium 2"
"7290",6,4123.441,4.519,0,39,1,608,1821,"CFP","Background"
"7291",1,929.728,30.458,0,83,2,608,1821,"RFP","Airpore Old 1"
"7292",2,929.728,79.048,7,255,2,608,1821,"RFP","Airpore Old 2"
"7293",3,929.728,30.661,0,129,2,608,1821,"RFP","Airpore Old 3"
"7294",4,929.728,68.849,19,255,2,608,1821,"RFP","Airpore Medium 1"
"7295",5,929.728,64.253,12,200,2,608,1821,"RFP","Airpore Medium 2"
"7296",6,4123.441,45.096,3,225,2,608,1821,"RFP","Background"
"7297",1,929.728,2.689,0,20,1,609,1824,"CFP","Airpore Old 1"
"7298",2,929.728,5.823,0,39,1,609,1824,"CFP","Airpore Old 2"
"7299",3,929.728,3.396,0,30,1,609,1824,"CFP","Airpore Old 3"
"7300",4,929.728,7.261,0,39,1,609,1824,"CFP","Airpore Medium 1"
"7301",5,929.728,5.732,0,27,1,609,1824,"CFP","Airpore Medium 2"
"7302",6,4123.441,4.615,0,35,1,609,1824,"CFP","Background"
"7303",1,929.728,30.574,0,91,2,609,1824,"RFP","Airpore Old 1"
"7304",2,929.728,78.286,8,255,2,609,1824,"RFP","Airpore Old 2"
"7305",3,929.728,30.875,3,128,2,609,1824,"RFP","Airpore Old 3"
"7306",4,929.728,69.958,12,255,2,609,1824,"RFP","Airpore Medium 1"
"7307",5,929.728,64.449,15,162,2,609,1824,"RFP","Airpore Medium 2"
"7308",6,4123.441,45.209,3,155,2,609,1824,"RFP","Background"
"7309",1,929.728,2.635,0,24,1,610,1827,"CFP","Airpore Old 1"
"7310",2,929.728,5.85,0,34,1,610,1827,"CFP","Airpore Old 2"
"7311",3,929.728,3.295,0,24,1,610,1827,"CFP","Airpore Old 3"
"7312",4,929.728,7.276,0,36,1,610,1827,"CFP","Airpore Medium 1"
"7313",5,929.728,5.629,0,37,1,610,1827,"CFP","Airpore Medium 2"
"7314",6,4123.441,4.608,0,31,1,610,1827,"CFP","Background"
"7315",1,929.728,30.577,3,96,2,610,1827,"RFP","Airpore Old 1"
"7316",2,929.728,78.912,7,255,2,610,1827,"RFP","Airpore Old 2"
"7317",3,929.728,30.791,3,140,2,610,1827,"RFP","Airpore Old 3"
"7318",4,929.728,68.847,15,255,2,610,1827,"RFP","Airpore Medium 1"
"7319",5,929.728,63.328,12,189,2,610,1827,"RFP","Airpore Medium 2"
"7320",6,4123.441,45.28,3,159,2,610,1827,"RFP","Background"
"7321",1,929.728,2.837,0,19,1,611,1830,"CFP","Airpore Old 1"
"7322",2,929.728,5.902,0,31,1,611,1830,"CFP","Airpore Old 2"
"7323",3,929.728,3.413,0,24,1,611,1830,"CFP","Airpore Old 3"
"7324",4,929.728,7.37,0,31,1,611,1830,"CFP","Airpore Medium 1"
"7325",5,929.728,5.664,0,31,1,611,1830,"CFP","Airpore Medium 2"
"7326",6,4123.441,4.612,0,28,1,611,1830,"CFP","Background"
"7327",1,929.728,30.439,0,96,2,611,1830,"RFP","Airpore Old 1"
"7328",2,929.728,78.862,8,255,2,611,1830,"RFP","Airpore Old 2"
"7329",3,929.728,30.198,0,139,2,611,1830,"RFP","Airpore Old 3"
"7330",4,929.728,69.182,7,255,2,611,1830,"RFP","Airpore Medium 1"
"7331",5,929.728,64.525,11,177,2,611,1830,"RFP","Airpore Medium 2"
"7332",6,4123.441,44.963,0,142,2,611,1830,"RFP","Background"
"7333",1,929.728,2.65,0,24,1,612,1833,"CFP","Airpore Old 1"
"7334",2,929.728,5.934,0,39,1,612,1833,"CFP","Airpore Old 2"
"7335",3,929.728,3.337,0,27,1,612,1833,"CFP","Airpore Old 3"
"7336",4,929.728,7.44,0,31,1,612,1833,"CFP","Airpore Medium 1"
"7337",5,929.728,5.721,0,23,1,612,1833,"CFP","Airpore Medium 2"
"7338",6,4123.441,4.539,0,32,1,612,1833,"CFP","Background"
"7339",1,929.728,31,3,91,2,612,1833,"RFP","Airpore Old 1"
"7340",2,929.728,77.501,11,255,2,612,1833,"RFP","Airpore Old 2"
"7341",3,929.728,30.965,0,134,2,612,1833,"RFP","Airpore Old 3"
"7342",4,929.728,68.172,12,255,2,612,1833,"RFP","Airpore Medium 1"
"7343",5,929.728,64.053,15,186,2,612,1833,"RFP","Airpore Medium 2"
"7344",6,4123.441,44.588,0,166,2,612,1833,"RFP","Background"
"7345",1,929.728,2.782,0,24,1,613,1836,"CFP","Airpore Old 1"
"7346",2,929.728,5.832,0,35,1,613,1836,"CFP","Airpore Old 2"
"7347",3,929.728,3.401,0,31,1,613,1836,"CFP","Airpore Old 3"
"7348",4,929.728,7.276,0,31,1,613,1836,"CFP","Airpore Medium 1"
"7349",5,929.728,5.622,0,27,1,613,1836,"CFP","Airpore Medium 2"
"7350",6,4123.441,4.677,0,31,1,613,1836,"CFP","Background"
"7351",1,929.728,30.363,3,83,2,613,1836,"RFP","Airpore Old 1"
"7352",2,929.728,78.039,7,255,2,613,1836,"RFP","Airpore Old 2"
"7353",3,929.728,30.879,3,132,2,613,1836,"RFP","Airpore Old 3"
"7354",4,929.728,68.483,19,255,2,613,1836,"RFP","Airpore Medium 1"
"7355",5,929.728,64.803,11,174,2,613,1836,"RFP","Airpore Medium 2"
"7356",6,4123.441,44.384,3,152,2,613,1836,"RFP","Background"
"7357",1,929.728,2.698,0,19,1,614,1839,"CFP","Airpore Old 1"
"7358",2,929.728,6.044,0,35,1,614,1839,"CFP","Airpore Old 2"
"7359",3,929.728,3.574,0,27,1,614,1839,"CFP","Airpore Old 3"
"7360",4,929.728,7.092,0,39,1,614,1839,"CFP","Airpore Medium 1"
"7361",5,929.728,5.588,0,24,1,614,1839,"CFP","Airpore Medium 2"
"7362",6,4123.441,4.474,0,31,1,614,1839,"CFP","Background"
"7363",1,929.728,30.423,3,95,2,614,1839,"RFP","Airpore Old 1"
"7364",2,929.728,78.752,7,255,2,614,1839,"RFP","Airpore Old 2"
"7365",3,929.728,30.773,0,113,2,614,1839,"RFP","Airpore Old 3"
"7366",4,929.728,69.333,15,255,2,614,1839,"RFP","Airpore Medium 1"
"7367",5,929.728,64.324,11,166,2,614,1839,"RFP","Airpore Medium 2"
"7368",6,4123.441,44.619,0,157,2,614,1839,"RFP","Background"
"7369",1,929.728,2.741,0,33,1,615,1842,"CFP","Airpore Old 1"
"7370",2,929.728,6.007,0,39,1,615,1842,"CFP","Airpore Old 2"
"7371",3,929.728,3.373,0,27,1,615,1842,"CFP","Airpore Old 3"
"7372",4,929.728,7.451,0,35,1,615,1842,"CFP","Airpore Medium 1"
"7373",5,929.728,5.778,0,28,1,615,1842,"CFP","Airpore Medium 2"
"7374",6,4123.441,4.487,0,31,1,615,1842,"CFP","Background"
"7375",1,929.728,30.599,0,99,2,615,1842,"RFP","Airpore Old 1"
"7376",2,929.728,78.922,3,255,2,615,1842,"RFP","Airpore Old 2"
"7377",3,929.728,30.468,0,120,2,615,1842,"RFP","Airpore Old 3"
"7378",4,929.728,69.904,8,255,2,615,1842,"RFP","Airpore Medium 1"
"7379",5,929.728,64.027,19,176,2,615,1842,"RFP","Airpore Medium 2"
"7380",6,4123.441,45.077,3,177,2,615,1842,"RFP","Background"
"7381",1,929.728,2.635,0,19,1,616,1845,"CFP","Airpore Old 1"
"7382",2,929.728,5.908,0,40,1,616,1845,"CFP","Airpore Old 2"
"7383",3,929.728,3.407,0,27,1,616,1845,"CFP","Airpore Old 3"
"7384",4,929.728,7.211,0,39,1,616,1845,"CFP","Airpore Medium 1"
"7385",5,929.728,5.766,0,35,1,616,1845,"CFP","Airpore Medium 2"
"7386",6,4123.441,4.529,0,33,1,616,1845,"CFP","Background"
"7387",1,929.728,30.272,0,82,2,616,1845,"RFP","Airpore Old 1"
"7388",2,929.728,78.143,7,255,2,616,1845,"RFP","Airpore Old 2"
"7389",3,929.728,31.027,0,138,2,616,1845,"RFP","Airpore Old 3"
"7390",4,929.728,69.633,15,255,2,616,1845,"RFP","Airpore Medium 1"
"7391",5,929.728,64.431,12,181,2,616,1845,"RFP","Airpore Medium 2"
"7392",6,4123.441,44.916,0,152,2,616,1845,"RFP","Background"
"7393",1,929.728,2.609,0,15,1,617,1848,"CFP","Airpore Old 1"
"7394",2,929.728,5.999,0,32,1,617,1848,"CFP","Airpore Old 2"
"7395",3,929.728,3.323,0,23,1,617,1848,"CFP","Airpore Old 3"
"7396",4,929.728,7.37,0,31,1,617,1848,"CFP","Airpore Medium 1"
"7397",5,929.728,5.619,0,23,1,617,1848,"CFP","Airpore Medium 2"
"7398",6,4123.441,4.567,0,32,1,617,1848,"CFP","Background"
"7399",1,929.728,30.689,3,88,2,617,1848,"RFP","Airpore Old 1"
"7400",2,929.728,79.108,11,255,2,617,1848,"RFP","Airpore Old 2"
"7401",3,929.728,30.919,0,122,2,617,1848,"RFP","Airpore Old 3"
"7402",4,929.728,69.525,12,255,2,617,1848,"RFP","Airpore Medium 1"
"7403",5,929.728,64.268,15,177,2,617,1848,"RFP","Airpore Medium 2"
"7404",6,4123.441,44.952,3,155,2,617,1848,"RFP","Background"
"7405",1,929.728,2.682,0,20,1,618,1851,"CFP","Airpore Old 1"
"7406",2,929.728,5.887,0,38,1,618,1851,"CFP","Airpore Old 2"
"7407",3,929.728,3.449,0,31,1,618,1851,"CFP","Airpore Old 3"
"7408",4,929.728,7.402,0,31,1,618,1851,"CFP","Airpore Medium 1"
"7409",5,929.728,5.76,0,48,1,618,1851,"CFP","Airpore Medium 2"
"7410",6,4123.441,4.649,0,31,1,618,1851,"CFP","Background"
"7411",1,929.728,31.509,3,115,2,618,1851,"RFP","Airpore Old 1"
"7412",2,929.728,78.614,7,255,2,618,1851,"RFP","Airpore Old 2"
"7413",3,929.728,31.471,0,115,2,618,1851,"RFP","Airpore Old 3"
"7414",4,929.728,69.43,12,255,2,618,1851,"RFP","Airpore Medium 1"
"7415",5,929.728,64.236,15,192,2,618,1851,"RFP","Airpore Medium 2"
"7416",6,4123.441,45.463,0,171,2,618,1851,"RFP","Background"
"7417",1,929.728,2.686,0,16,1,619,1854,"CFP","Airpore Old 1"
"7418",2,929.728,5.863,0,34,1,619,1854,"CFP","Airpore Old 2"
"7419",3,929.728,3.43,0,27,1,619,1854,"CFP","Airpore Old 3"
"7420",4,929.728,7.494,0,32,1,619,1854,"CFP","Airpore Medium 1"
"7421",5,929.728,5.692,0,24,1,619,1854,"CFP","Airpore Medium 2"
"7422",6,4123.441,4.642,0,31,1,619,1854,"CFP","Background"
"7423",1,929.728,30.826,3,172,2,619,1854,"RFP","Airpore Old 1"
"7424",2,929.728,79.147,11,255,2,619,1854,"RFP","Airpore Old 2"
"7425",3,929.728,31.191,0,123,2,619,1854,"RFP","Airpore Old 3"
"7426",4,929.728,69.369,11,255,2,619,1854,"RFP","Airpore Medium 1"
"7427",5,929.728,63.884,19,193,2,619,1854,"RFP","Airpore Medium 2"
"7428",6,4123.441,45.627,0,150,2,619,1854,"RFP","Background"
"7429",1,929.728,2.849,0,20,1,620,1857,"CFP","Airpore Old 1"
"7430",2,929.728,5.957,0,46,1,620,1857,"CFP","Airpore Old 2"
"7431",3,929.728,3.465,0,35,1,620,1857,"CFP","Airpore Old 3"
"7432",4,929.728,7.375,0,35,1,620,1857,"CFP","Airpore Medium 1"
"7433",5,929.728,5.826,0,27,1,620,1857,"CFP","Airpore Medium 2"
"7434",6,4123.441,4.574,0,35,1,620,1857,"CFP","Background"
"7435",1,929.728,30.85,3,76,2,620,1857,"RFP","Airpore Old 1"
"7436",2,929.728,78.305,7,255,2,620,1857,"RFP","Airpore Old 2"
"7437",3,929.728,31.144,0,127,2,620,1857,"RFP","Airpore Old 3"
"7438",4,929.728,69.775,19,255,2,620,1857,"RFP","Airpore Medium 1"
"7439",5,929.728,64.006,12,167,2,620,1857,"RFP","Airpore Medium 2"
"7440",6,4123.441,45.297,3,149,2,620,1857,"RFP","Background"
"7441",1,929.728,2.883,0,27,1,621,1860,"CFP","Airpore Old 1"
"7442",2,929.728,5.9,0,39,1,621,1860,"CFP","Airpore Old 2"
"7443",3,929.728,3.433,0,31,1,621,1860,"CFP","Airpore Old 3"
"7444",4,929.728,7.35,0,44,1,621,1860,"CFP","Airpore Medium 1"
"7445",5,929.728,5.668,0,31,1,621,1860,"CFP","Airpore Medium 2"
"7446",6,4123.441,4.576,0,31,1,621,1860,"CFP","Background"
"7447",1,929.728,30.005,3,105,2,621,1860,"RFP","Airpore Old 1"
"7448",2,929.728,78.442,8,255,2,621,1860,"RFP","Airpore Old 2"
"7449",3,929.728,31.224,3,121,2,621,1860,"RFP","Airpore Old 3"
"7450",4,929.728,68.96,11,255,2,621,1860,"RFP","Airpore Medium 1"
"7451",5,929.728,64.811,11,172,2,621,1860,"RFP","Airpore Medium 2"
"7452",6,4123.441,45.102,0,151,2,621,1860,"RFP","Background"
"7453",1,929.728,2.768,0,19,1,622,1863,"CFP","Airpore Old 1"
"7454",2,929.728,6.043,0,35,1,622,1863,"CFP","Airpore Old 2"
"7455",3,929.728,3.494,0,27,1,622,1863,"CFP","Airpore Old 3"
"7456",4,929.728,7.066,0,31,1,622,1863,"CFP","Airpore Medium 1"
"7457",5,929.728,5.713,0,31,1,622,1863,"CFP","Airpore Medium 2"
"7458",6,4123.441,4.573,0,27,1,622,1863,"CFP","Background"
"7459",1,929.728,30.852,3,80,2,622,1863,"RFP","Airpore Old 1"
"7460",2,929.728,78.547,12,255,2,622,1863,"RFP","Airpore Old 2"
"7461",3,929.728,30.636,3,131,2,622,1863,"RFP","Airpore Old 3"
"7462",4,929.728,69.854,15,255,2,622,1863,"RFP","Airpore Medium 1"
"7463",5,929.728,64.305,12,198,2,622,1863,"RFP","Airpore Medium 2"
"7464",6,4123.441,45.088,3,140,2,622,1863,"RFP","Background"
"7465",1,929.728,2.817,0,19,1,623,1866,"CFP","Airpore Old 1"
"7466",2,929.728,5.829,0,34,1,623,1866,"CFP","Airpore Old 2"
"7467",3,929.728,3.457,0,27,1,623,1866,"CFP","Airpore Old 3"
"7468",4,929.728,7.171,0,39,1,623,1866,"CFP","Airpore Medium 1"
"7469",5,929.728,5.655,0,27,1,623,1866,"CFP","Airpore Medium 2"
"7470",6,4123.441,4.564,0,46,1,623,1866,"CFP","Background"
"7471",1,929.728,30.705,3,83,2,623,1866,"RFP","Airpore Old 1"
"7472",2,929.728,77.935,11,255,2,623,1866,"RFP","Airpore Old 2"
"7473",3,929.728,30.778,0,136,2,623,1866,"RFP","Airpore Old 3"
"7474",4,929.728,69.767,15,255,2,623,1866,"RFP","Airpore Medium 1"
"7475",5,929.728,64.449,15,174,2,623,1866,"RFP","Airpore Medium 2"
"7476",6,4123.441,44.9,0,170,2,623,1866,"RFP","Background"
"7477",1,929.728,2.768,0,20,1,624,1869,"CFP","Airpore Old 1"
"7478",2,929.728,5.864,0,31,1,624,1869,"CFP","Airpore Old 2"
"7479",3,929.728,3.216,0,23,1,624,1869,"CFP","Airpore Old 3"
"7480",4,929.728,7.145,0,27,1,624,1869,"CFP","Airpore Medium 1"
"7481",5,929.728,5.695,0,27,1,624,1869,"CFP","Airpore Medium 2"
"7482",6,4123.441,4.518,0,31,1,624,1869,"CFP","Background"
"7483",1,929.728,30.156,3,72,2,624,1869,"RFP","Airpore Old 1"
"7484",2,929.728,78.103,7,255,2,624,1869,"RFP","Airpore Old 2"
"7485",3,929.728,30.655,0,127,2,624,1869,"RFP","Airpore Old 3"
"7486",4,929.728,69.01,15,255,2,624,1869,"RFP","Airpore Medium 1"
"7487",5,929.728,64.291,15,164,2,624,1869,"RFP","Airpore Medium 2"
"7488",6,4123.441,44.528,0,135,2,624,1869,"RFP","Background"
"7489",1,929.728,2.706,0,19,1,625,1872,"CFP","Airpore Old 1"
"7490",2,929.728,6.256,0,31,1,625,1872,"CFP","Airpore Old 2"
"7491",3,929.728,3.363,0,32,1,625,1872,"CFP","Airpore Old 3"
"7492",4,929.728,7.525,0,31,1,625,1872,"CFP","Airpore Medium 1"
"7493",5,929.728,5.629,0,31,1,625,1872,"CFP","Airpore Medium 2"
"7494",6,4123.441,4.509,0,32,1,625,1872,"CFP","Background"
"7495",1,929.728,30.32,3,76,2,625,1872,"RFP","Airpore Old 1"
"7496",2,929.728,77.859,8,255,2,625,1872,"RFP","Airpore Old 2"
"7497",3,929.728,30.541,0,120,2,625,1872,"RFP","Airpore Old 3"
"7498",4,929.728,68.622,15,255,2,625,1872,"RFP","Airpore Medium 1"
"7499",5,929.728,64.302,19,177,2,625,1872,"RFP","Airpore Medium 2"
"7500",6,4123.441,44.561,3,137,2,625,1872,"RFP","Background"
"7501",1,929.728,2.582,0,19,1,626,1875,"CFP","Airpore Old 1"
"7502",2,929.728,5.773,0,35,1,626,1875,"CFP","Airpore Old 2"
"7503",3,929.728,3.469,0,31,1,626,1875,"CFP","Airpore Old 3"
"7504",4,929.728,7.398,0,34,1,626,1875,"CFP","Airpore Medium 1"
"7505",5,929.728,5.767,0,32,1,626,1875,"CFP","Airpore Medium 2"
"7506",6,4123.441,4.564,0,47,1,626,1875,"CFP","Background"
"7507",1,929.728,30.793,3,93,2,626,1875,"RFP","Airpore Old 1"
"7508",2,929.728,77.62,12,255,2,626,1875,"RFP","Airpore Old 2"
"7509",3,929.728,30.158,3,135,2,626,1875,"RFP","Airpore Old 3"
"7510",4,929.728,68.836,12,255,2,626,1875,"RFP","Airpore Medium 1"
"7511",5,929.728,64.053,12,165,2,626,1875,"RFP","Airpore Medium 2"
"7512",6,4123.441,44.573,0,164,2,626,1875,"RFP","Background"
"7513",1,929.728,2.583,0,19,1,627,1878,"CFP","Airpore Old 1"
"7514",2,929.728,6.086,0,37,1,627,1878,"CFP","Airpore Old 2"
"7515",3,929.728,3.489,0,23,1,627,1878,"CFP","Airpore Old 3"
"7516",4,929.728,7.312,0,31,1,627,1878,"CFP","Airpore Medium 1"
"7517",5,929.728,5.573,0,34,1,627,1878,"CFP","Airpore Medium 2"
"7518",6,4123.441,4.56,0,43,1,627,1878,"CFP","Background"
"7519",1,929.728,30.112,3,84,2,627,1878,"RFP","Airpore Old 1"
"7520",2,929.728,78.02,7,255,2,627,1878,"RFP","Airpore Old 2"
"7521",3,929.728,30.641,0,119,2,627,1878,"RFP","Airpore Old 3"
"7522",4,929.728,69.659,19,255,2,627,1878,"RFP","Airpore Medium 1"
"7523",5,929.728,63.519,12,179,2,627,1878,"RFP","Airpore Medium 2"
"7524",6,4123.441,44.742,3,135,2,627,1878,"RFP","Background"
"7525",1,929.728,2.726,0,19,1,628,1881,"CFP","Airpore Old 1"
"7526",2,929.728,6.048,0,31,1,628,1881,"CFP","Airpore Old 2"
"7527",3,929.728,3.433,0,29,1,628,1881,"CFP","Airpore Old 3"
"7528",4,929.728,7.171,0,31,1,628,1881,"CFP","Airpore Medium 1"
"7529",5,929.728,5.692,0,27,1,628,1881,"CFP","Airpore Medium 2"
"7530",6,4123.441,4.61,0,39,1,628,1881,"CFP","Background"
"7531",1,929.728,30.079,3,88,2,628,1881,"RFP","Airpore Old 1"
"7532",2,929.728,77.432,8,255,2,628,1881,"RFP","Airpore Old 2"
"7533",3,929.728,30.896,3,127,2,628,1881,"RFP","Airpore Old 3"
"7534",4,929.728,69.243,19,255,2,628,1881,"RFP","Airpore Medium 1"
"7535",5,929.728,64.268,15,182,2,628,1881,"RFP","Airpore Medium 2"
"7536",6,4123.441,44.901,3,150,2,628,1881,"RFP","Background"
"7537",1,929.728,2.828,0,20,1,629,1884,"CFP","Airpore Old 1"
"7538",2,929.728,5.939,0,40,1,629,1884,"CFP","Airpore Old 2"
"7539",3,929.728,3.358,0,27,1,629,1884,"CFP","Airpore Old 3"
"7540",4,929.728,7.413,0,31,1,629,1884,"CFP","Airpore Medium 1"
"7541",5,929.728,5.698,0,31,1,629,1884,"CFP","Airpore Medium 2"
"7542",6,4123.441,4.557,0,35,1,629,1884,"CFP","Background"
"7543",1,929.728,30.794,3,88,2,629,1884,"RFP","Airpore Old 1"
"7544",2,929.728,78.696,7,255,2,629,1884,"RFP","Airpore Old 2"
"7545",3,929.728,30.996,3,141,2,629,1884,"RFP","Airpore Old 3"
"7546",4,929.728,68.766,16,255,2,629,1884,"RFP","Airpore Medium 1"
"7547",5,929.728,64.988,11,174,2,629,1884,"RFP","Airpore Medium 2"
"7548",6,4123.441,45.05,3,154,2,629,1884,"RFP","Background"
"7549",1,929.728,2.912,0,42,1,630,1887,"CFP","Airpore Old 1"
"7550",2,929.728,5.74,0,47,1,630,1887,"CFP","Airpore Old 2"
"7551",3,929.728,3.422,0,24,1,630,1887,"CFP","Airpore Old 3"
"7552",4,929.728,7.217,0,31,1,630,1887,"CFP","Airpore Medium 1"
"7553",5,929.728,5.719,0,42,1,630,1887,"CFP","Airpore Medium 2"
"7554",6,4123.441,4.56,0,31,1,630,1887,"CFP","Background"
"7555",1,929.728,30.708,3,111,2,630,1887,"RFP","Airpore Old 1"
"7556",2,929.728,78.323,12,255,2,630,1887,"RFP","Airpore Old 2"
"7557",3,929.728,30.594,0,107,2,630,1887,"RFP","Airpore Old 3"
"7558",4,929.728,70.117,15,255,2,630,1887,"RFP","Airpore Medium 1"
"7559",5,929.728,64.323,15,183,2,630,1887,"RFP","Airpore Medium 2"
"7560",6,4123.441,44.617,0,162,2,630,1887,"RFP","Background"
"7561",1,929.728,2.722,0,20,1,631,1890,"CFP","Airpore Old 1"
"7562",2,929.728,6.117,0,35,1,631,1890,"CFP","Airpore Old 2"
"7563",3,929.728,3.482,0,27,1,631,1890,"CFP","Airpore Old 3"
"7564",4,929.728,7.248,0,36,1,631,1890,"CFP","Airpore Medium 1"
"7565",5,929.728,5.824,0,24,1,631,1890,"CFP","Airpore Medium 2"
"7566",6,4123.441,4.498,0,31,1,631,1890,"CFP","Background"
"7567",1,929.728,30.464,3,80,2,631,1890,"RFP","Airpore Old 1"
"7568",2,929.728,78.475,7,255,2,631,1890,"RFP","Airpore Old 2"
"7569",3,929.728,31.226,0,119,2,631,1890,"RFP","Airpore Old 3"
"7570",4,929.728,69.823,12,255,2,631,1890,"RFP","Airpore Medium 1"
"7571",5,929.728,64.967,11,198,2,631,1890,"RFP","Airpore Medium 2"
"7572",6,4123.441,44.693,0,151,2,631,1890,"RFP","Background"
"7573",1,929.728,2.654,0,23,1,632,1893,"CFP","Airpore Old 1"
"7574",2,929.728,5.831,0,39,1,632,1893,"CFP","Airpore Old 2"
"7575",3,929.728,3.366,0,24,1,632,1893,"CFP","Airpore Old 3"
"7576",4,929.728,7.116,0,31,1,632,1893,"CFP","Airpore Medium 1"
"7577",5,929.728,5.651,0,42,1,632,1893,"CFP","Airpore Medium 2"
"7578",6,4123.441,4.501,0,28,1,632,1893,"CFP","Background"
"7579",1,929.728,29.854,3,95,2,632,1893,"RFP","Airpore Old 1"
"7580",2,929.728,78.033,11,255,2,632,1893,"RFP","Airpore Old 2"
"7581",3,929.728,31.085,3,119,2,632,1893,"RFP","Airpore Old 3"
"7582",4,929.728,69.21,12,255,2,632,1893,"RFP","Airpore Medium 1"
"7583",5,929.728,64.425,19,174,2,632,1893,"RFP","Airpore Medium 2"
"7584",6,4123.441,44.828,0,139,2,632,1893,"RFP","Background"
"7585",1,929.728,2.731,0,19,1,633,1896,"CFP","Airpore Old 1"
"7586",2,929.728,5.818,0,31,1,633,1896,"CFP","Airpore Old 2"
"7587",3,929.728,3.444,0,27,1,633,1896,"CFP","Airpore Old 3"
"7588",4,929.728,7.295,0,31,1,633,1896,"CFP","Airpore Medium 1"
"7589",5,929.728,5.755,0,31,1,633,1896,"CFP","Airpore Medium 2"
"7590",6,4123.441,4.433,0,40,1,633,1896,"CFP","Background"
"7591",1,929.728,30.433,3,80,2,633,1896,"RFP","Airpore Old 1"
"7592",2,929.728,78.22,7,255,2,633,1896,"RFP","Airpore Old 2"
"7593",3,929.728,30.464,0,103,2,633,1896,"RFP","Airpore Old 3"
"7594",4,929.728,68.992,15,255,2,633,1896,"RFP","Airpore Medium 1"
"7595",5,929.728,65.171,11,188,2,633,1896,"RFP","Airpore Medium 2"
"7596",6,4123.441,44.329,3,175,2,633,1896,"RFP","Background"
"7597",1,929.728,2.716,0,23,1,634,1899,"CFP","Airpore Old 1"
"7598",2,929.728,5.689,0,31,1,634,1899,"CFP","Airpore Old 2"
"7599",3,929.728,3.36,0,26,1,634,1899,"CFP","Airpore Old 3"
"7600",4,929.728,7.373,0,34,1,634,1899,"CFP","Airpore Medium 1"
"7601",5,929.728,5.774,0,40,1,634,1899,"CFP","Airpore Medium 2"
"7602",6,4123.441,4.555,0,35,1,634,1899,"CFP","Background"
"7603",1,929.728,30.119,3,100,2,634,1899,"RFP","Airpore Old 1"
"7604",2,929.728,77.467,7,255,2,634,1899,"RFP","Airpore Old 2"
"7605",3,929.728,30.871,0,127,2,634,1899,"RFP","Airpore Old 3"
"7606",4,929.728,69.886,15,255,2,634,1899,"RFP","Airpore Medium 1"
"7607",5,929.728,64.046,11,202,2,634,1899,"RFP","Airpore Medium 2"
"7608",6,4123.441,43.969,3,144,2,634,1899,"RFP","Background"
"7609",1,929.728,2.629,0,24,1,635,1902,"CFP","Airpore Old 1"
"7610",2,929.728,5.982,0,34,1,635,1902,"CFP","Airpore Old 2"
"7611",3,929.728,3.504,0,26,1,635,1902,"CFP","Airpore Old 3"
"7612",4,929.728,7.356,0,27,1,635,1902,"CFP","Airpore Medium 1"
"7613",5,929.728,5.799,0,27,1,635,1902,"CFP","Airpore Medium 2"
"7614",6,4123.441,4.485,0,31,1,635,1902,"CFP","Background"
"7615",1,929.728,29.668,3,83,2,635,1902,"RFP","Airpore Old 1"
"7616",2,929.728,77.719,8,255,2,635,1902,"RFP","Airpore Old 2"
"7617",3,929.728,30.717,0,111,2,635,1902,"RFP","Airpore Old 3"
"7618",4,929.728,70.19,12,255,2,635,1902,"RFP","Airpore Medium 1"
"7619",5,929.728,64.402,12,184,2,635,1902,"RFP","Airpore Medium 2"
"7620",6,4123.441,44.233,0,172,2,635,1902,"RFP","Background"
"7621",1,929.728,2.679,0,16,1,636,1905,"CFP","Airpore Old 1"
"7622",2,929.728,6.259,0,32,1,636,1905,"CFP","Airpore Old 2"
"7623",3,929.728,3.525,0,23,1,636,1905,"CFP","Airpore Old 3"
"7624",4,929.728,7.371,0,35,1,636,1905,"CFP","Airpore Medium 1"
"7625",5,929.728,5.68,0,27,1,636,1905,"CFP","Airpore Medium 2"
"7626",6,4123.441,4.479,0,47,1,636,1905,"CFP","Background"
"7627",1,929.728,29.428,3,90,2,636,1905,"RFP","Airpore Old 1"
"7628",2,929.728,78.349,8,255,2,636,1905,"RFP","Airpore Old 2"
"7629",3,929.728,30.744,0,116,2,636,1905,"RFP","Airpore Old 3"
"7630",4,929.728,68.938,12,255,2,636,1905,"RFP","Airpore Medium 1"
"7631",5,929.728,64.648,15,176,2,636,1905,"RFP","Airpore Medium 2"
"7632",6,4123.441,44.116,3,183,2,636,1905,"RFP","Background"
"7633",1,929.728,2.585,0,32,1,637,1908,"CFP","Airpore Old 1"
"7634",2,929.728,5.805,0,31,1,637,1908,"CFP","Airpore Old 2"
"7635",3,929.728,3.539,0,23,1,637,1908,"CFP","Airpore Old 3"
"7636",4,929.728,7.397,0,35,1,637,1908,"CFP","Airpore Medium 1"
"7637",5,929.728,5.825,0,32,1,637,1908,"CFP","Airpore Medium 2"
"7638",6,4123.441,4.456,0,32,1,637,1908,"CFP","Background"
"7639",1,929.728,29.234,3,77,2,637,1908,"RFP","Airpore Old 1"
"7640",2,929.728,77.582,7,255,2,637,1908,"RFP","Airpore Old 2"
"7641",3,929.728,30.506,0,119,2,637,1908,"RFP","Airpore Old 3"
"7642",4,929.728,69.86,12,255,2,637,1908,"RFP","Airpore Medium 1"
"7643",5,929.728,64.514,11,183,2,637,1908,"RFP","Airpore Medium 2"
"7644",6,4123.441,43.885,0,143,2,637,1908,"RFP","Background"
"7645",1,929.728,2.69,0,19,1,638,1911,"CFP","Airpore Old 1"
"7646",2,929.728,5.87,0,43,1,638,1911,"CFP","Airpore Old 2"
"7647",3,929.728,3.6,0,28,1,638,1911,"CFP","Airpore Old 3"
"7648",4,929.728,7.528,0,46,1,638,1911,"CFP","Airpore Medium 1"
"7649",5,929.728,5.496,0,23,1,638,1911,"CFP","Airpore Medium 2"
"7650",6,4123.441,4.445,0,35,1,638,1911,"CFP","Background"
"7651",1,929.728,29.632,0,84,2,638,1911,"RFP","Airpore Old 1"
"7652",2,929.728,77.94,11,255,2,638,1911,"RFP","Airpore Old 2"
"7653",3,929.728,30.833,0,127,2,638,1911,"RFP","Airpore Old 3"
"7654",4,929.728,68.561,11,255,2,638,1911,"RFP","Airpore Medium 1"
"7655",5,929.728,63.927,19,172,2,638,1911,"RFP","Airpore Medium 2"
"7656",6,4123.441,43.864,0,143,2,638,1911,"RFP","Background"
"7657",1,929.728,2.502,0,26,1,639,1914,"CFP","Airpore Old 1"
"7658",2,929.728,5.944,0,34,1,639,1914,"CFP","Airpore Old 2"
"7659",3,929.728,3.481,0,27,1,639,1914,"CFP","Airpore Old 3"
"7660",4,929.728,7.272,0,39,1,639,1914,"CFP","Airpore Medium 1"
"7661",5,929.728,5.736,0,27,1,639,1914,"CFP","Airpore Medium 2"
"7662",6,4123.441,4.477,0,31,1,639,1914,"CFP","Background"
"7663",1,929.728,29.363,3,83,2,639,1914,"RFP","Airpore Old 1"
"7664",2,929.728,76.391,3,255,2,639,1914,"RFP","Airpore Old 2"
"7665",3,929.728,30.355,3,120,2,639,1914,"RFP","Airpore Old 3"
"7666",4,929.728,68.723,15,255,2,639,1914,"RFP","Airpore Medium 1"
"7667",5,929.728,64.32,11,175,2,639,1914,"RFP","Airpore Medium 2"
"7668",6,4123.441,43.373,3,135,2,639,1914,"RFP","Background"
"7669",1,929.728,2.528,0,19,1,640,1917,"CFP","Airpore Old 1"
"7670",2,929.728,5.754,0,43,1,640,1917,"CFP","Airpore Old 2"
"7671",3,929.728,3.565,0,34,1,640,1917,"CFP","Airpore Old 3"
"7672",4,929.728,7.192,0,31,1,640,1917,"CFP","Airpore Medium 1"
"7673",5,929.728,5.716,0,23,1,640,1917,"CFP","Airpore Medium 2"
"7674",6,4123.441,4.377,0,31,1,640,1917,"CFP","Background"
"7675",1,929.728,29.444,0,88,2,640,1917,"RFP","Airpore Old 1"
"7676",2,929.728,76.677,11,255,2,640,1917,"RFP","Airpore Old 2"
"7677",3,929.728,30.821,0,133,2,640,1917,"RFP","Airpore Old 3"
"7678",4,929.728,68.397,12,255,2,640,1917,"RFP","Airpore Medium 1"
"7679",5,929.728,64.025,15,174,2,640,1917,"RFP","Airpore Medium 2"
"7680",6,4123.441,43.237,0,152,2,640,1917,"RFP","Background"
"7681",1,929.728,2.596,0,24,1,641,1920,"CFP","Airpore Old 1"
"7682",2,929.728,5.761,0,31,1,641,1920,"CFP","Airpore Old 2"
"7683",3,929.728,3.46,0,27,1,641,1920,"CFP","Airpore Old 3"
"7684",4,929.728,7.201,0,35,1,641,1920,"CFP","Airpore Medium 1"
"7685",5,929.728,5.668,0,24,1,641,1920,"CFP","Airpore Medium 2"
"7686",6,4123.441,4.449,0,27,1,641,1920,"CFP","Background"
"7687",1,929.728,29.249,0,112,2,641,1920,"RFP","Airpore Old 1"
"7688",2,929.728,76.727,3,255,2,641,1920,"RFP","Airpore Old 2"
"7689",3,929.728,30.459,0,130,2,641,1920,"RFP","Airpore Old 3"
"7690",4,929.728,68.827,15,255,2,641,1920,"RFP","Airpore Medium 1"
"7691",5,929.728,64.255,11,186,2,641,1920,"RFP","Airpore Medium 2"
"7692",6,4123.441,43.561,3,147,2,641,1920,"RFP","Background"
"7693",1,929.728,2.653,0,19,1,642,1923,"CFP","Airpore Old 1"
"7694",2,929.728,5.7,0,31,1,642,1923,"CFP","Airpore Old 2"
"7695",3,929.728,3.357,0,29,1,642,1923,"CFP","Airpore Old 3"
"7696",4,929.728,7.321,0,32,1,642,1923,"CFP","Airpore Medium 1"
"7697",5,929.728,5.784,0,27,1,642,1923,"CFP","Airpore Medium 2"
"7698",6,4123.441,4.406,0,33,1,642,1923,"CFP","Background"
"7699",1,929.728,29.345,3,111,2,642,1923,"RFP","Airpore Old 1"
"7700",2,929.728,76.525,8,255,2,642,1923,"RFP","Airpore Old 2"
"7701",3,929.728,30.012,0,118,2,642,1923,"RFP","Airpore Old 3"
"7702",4,929.728,68.066,15,255,2,642,1923,"RFP","Airpore Medium 1"
"7703",5,929.728,64.164,19,174,2,642,1923,"RFP","Airpore Medium 2"
"7704",6,4123.441,43.352,0,139,2,642,1923,"RFP","Background"
"7705",1,929.728,2.642,0,20,1,643,1926,"CFP","Airpore Old 1"
"7706",2,929.728,5.952,0,27,1,643,1926,"CFP","Airpore Old 2"
"7707",3,929.728,3.388,0,27,1,643,1926,"CFP","Airpore Old 3"
"7708",4,929.728,7.342,0,35,1,643,1926,"CFP","Airpore Medium 1"
"7709",5,929.728,5.667,0,27,1,643,1926,"CFP","Airpore Medium 2"
"7710",6,4123.441,4.415,0,31,1,643,1926,"CFP","Background"
"7711",1,929.728,29.289,3,72,2,643,1926,"RFP","Airpore Old 1"
"7712",2,929.728,76.762,7,255,2,643,1926,"RFP","Airpore Old 2"
"7713",3,929.728,30.635,0,137,2,643,1926,"RFP","Airpore Old 3"
"7714",4,929.728,68.362,15,255,2,643,1926,"RFP","Airpore Medium 1"
"7715",5,929.728,64.446,19,180,2,643,1926,"RFP","Airpore Medium 2"
"7716",6,4123.441,43.406,0,146,2,643,1926,"RFP","Background"
"7717",1,929.728,2.585,0,24,1,644,1929,"CFP","Airpore Old 1"
"7718",2,929.728,5.619,0,40,1,644,1929,"CFP","Airpore Old 2"
"7719",3,929.728,3.179,0,27,1,644,1929,"CFP","Airpore Old 3"
"7720",4,929.728,7.306,0,35,1,644,1929,"CFP","Airpore Medium 1"
"7721",5,929.728,5.753,0,30,1,644,1929,"CFP","Airpore Medium 2"
"7722",6,4123.441,4.379,0,31,1,644,1929,"CFP","Background"
"7723",1,929.728,29.702,3,79,2,644,1929,"RFP","Airpore Old 1"
"7724",2,929.728,77.854,3,255,2,644,1929,"RFP","Airpore Old 2"
"7725",3,929.728,30.859,0,132,2,644,1929,"RFP","Airpore Old 3"
"7726",4,929.728,68.874,15,255,2,644,1929,"RFP","Airpore Medium 1"
"7727",5,929.728,65.269,15,181,2,644,1929,"RFP","Airpore Medium 2"
"7728",6,4123.441,43.191,3,140,2,644,1929,"RFP","Background"
"7729",1,929.728,2.59,0,20,1,645,1932,"CFP","Airpore Old 1"
"7730",2,929.728,5.728,0,35,1,645,1932,"CFP","Airpore Old 2"
"7731",3,929.728,3.263,0,23,1,645,1932,"CFP","Airpore Old 3"
"7732",4,929.728,7.191,0,35,1,645,1932,"CFP","Airpore Medium 1"
"7733",5,929.728,5.606,0,23,1,645,1932,"CFP","Airpore Medium 2"
"7734",6,4123.441,4.365,0,40,1,645,1932,"CFP","Background"
"7735",1,929.728,29.54,3,102,2,645,1932,"RFP","Airpore Old 1"
"7736",2,929.728,77.826,12,255,2,645,1932,"RFP","Airpore Old 2"
"7737",3,929.728,30.714,0,107,2,645,1932,"RFP","Airpore Old 3"
"7738",4,929.728,69.921,15,255,2,645,1932,"RFP","Airpore Medium 1"
"7739",5,929.728,64.865,12,171,2,645,1932,"RFP","Airpore Medium 2"
"7740",6,4123.441,43.158,0,138,2,645,1932,"RFP","Background"
"7741",1,929.728,2.581,0,24,1,646,1935,"CFP","Airpore Old 1"
"7742",2,929.728,5.778,0,35,1,646,1935,"CFP","Airpore Old 2"
"7743",3,929.728,3.313,0,31,1,646,1935,"CFP","Airpore Old 3"
"7744",4,929.728,7.245,0,34,1,646,1935,"CFP","Airpore Medium 1"
"7745",5,929.728,5.575,0,32,1,646,1935,"CFP","Airpore Medium 2"
"7746",6,4123.441,4.304,0,32,1,646,1935,"CFP","Background"
"7747",1,929.728,29.128,0,79,2,646,1935,"RFP","Airpore Old 1"
"7748",2,929.728,77.468,7,255,2,646,1935,"RFP","Airpore Old 2"
"7749",3,929.728,30.907,0,115,2,646,1935,"RFP","Airpore Old 3"
"7750",4,929.728,68.592,12,255,2,646,1935,"RFP","Airpore Medium 1"
"7751",5,929.728,65.577,15,175,2,646,1935,"RFP","Airpore Medium 2"
"7752",6,4123.441,43.235,3,154,2,646,1935,"RFP","Background"
"7753",1,929.728,2.58,0,19,1,647,1938,"CFP","Airpore Old 1"
"7754",2,929.728,5.793,0,31,1,647,1938,"CFP","Airpore Old 2"
"7755",3,929.728,3.344,0,27,1,647,1938,"CFP","Airpore Old 3"
"7756",4,929.728,7.566,0,34,1,647,1938,"CFP","Airpore Medium 1"
"7757",5,929.728,5.638,0,31,1,647,1938,"CFP","Airpore Medium 2"
"7758",6,4123.441,4.411,0,44,1,647,1938,"CFP","Background"
"7759",1,929.728,29.152,3,93,2,647,1938,"RFP","Airpore Old 1"
"7760",2,929.728,77.618,7,255,2,647,1938,"RFP","Airpore Old 2"
"7761",3,929.728,30.939,0,122,2,647,1938,"RFP","Airpore Old 3"
"7762",4,929.728,69.04,11,255,2,647,1938,"RFP","Airpore Medium 1"
"7763",5,929.728,65.726,19,221,2,647,1938,"RFP","Airpore Medium 2"
"7764",6,4123.441,43.275,0,182,2,647,1938,"RFP","Background"
"7765",1,929.728,2.797,0,19,1,648,1941,"CFP","Airpore Old 1"
"7766",2,929.728,5.591,0,36,1,648,1941,"CFP","Airpore Old 2"
"7767",3,929.728,3.498,0,23,1,648,1941,"CFP","Airpore Old 3"
"7768",4,929.728,7.286,0,31,1,648,1941,"CFP","Airpore Medium 1"
"7769",5,929.728,5.72,0,27,1,648,1941,"CFP","Airpore Medium 2"
"7770",6,4123.441,4.377,0,57,1,648,1941,"CFP","Background"
"7771",1,929.728,28.884,3,83,2,648,1941,"RFP","Airpore Old 1"
"7772",2,929.728,76.74,7,255,2,648,1941,"RFP","Airpore Old 2"
"7773",3,929.728,31.331,0,134,2,648,1941,"RFP","Airpore Old 3"
"7774",4,929.728,69.733,15,255,2,648,1941,"RFP","Airpore Medium 1"
"7775",5,929.728,64.573,11,174,2,648,1941,"RFP","Airpore Medium 2"
"7776",6,4123.441,43,3,140,2,648,1941,"RFP","Background"
"7777",1,929.728,2.548,0,19,1,649,1944,"CFP","Airpore Old 1"
"7778",2,929.728,5.677,0,31,1,649,1944,"CFP","Airpore Old 2"
"7779",3,929.728,3.517,0,27,1,649,1944,"CFP","Airpore Old 3"
"7780",4,929.728,7.299,0,27,1,649,1944,"CFP","Airpore Medium 1"
"7781",5,929.728,5.833,0,53,1,649,1944,"CFP","Airpore Medium 2"
"7782",6,4123.441,4.451,0,28,1,649,1944,"CFP","Background"
"7783",1,929.728,29.082,0,80,2,649,1944,"RFP","Airpore Old 1"
"7784",2,929.728,77.197,3,255,2,649,1944,"RFP","Airpore Old 2"
"7785",3,929.728,30.534,3,117,2,649,1944,"RFP","Airpore Old 3"
"7786",4,929.728,68.646,15,255,2,649,1944,"RFP","Airpore Medium 1"
"7787",5,929.728,64.763,15,171,2,649,1944,"RFP","Airpore Medium 2"
"7788",6,4123.441,43.106,3,159,2,649,1944,"RFP","Background"
"7789",1,929.728,2.624,0,24,1,650,1947,"CFP","Airpore Old 1"
"7790",2,929.728,5.835,0,43,1,650,1947,"CFP","Airpore Old 2"
"7791",3,929.728,3.509,0,42,1,650,1947,"CFP","Airpore Old 3"
"7792",4,929.728,7.428,0,31,1,650,1947,"CFP","Airpore Medium 1"
"7793",5,929.728,5.71,0,31,1,650,1947,"CFP","Airpore Medium 2"
"7794",6,4123.441,4.366,0,36,1,650,1947,"CFP","Background"
"7795",1,929.728,28.969,3,76,2,650,1947,"RFP","Airpore Old 1"
"7796",2,929.728,77.195,7,255,2,650,1947,"RFP","Airpore Old 2"
"7797",3,929.728,30.929,0,122,2,650,1947,"RFP","Airpore Old 3"
"7798",4,929.728,69.361,11,255,2,650,1947,"RFP","Airpore Medium 1"
"7799",5,929.728,64.637,19,198,2,650,1947,"RFP","Airpore Medium 2"
"7800",6,4123.441,42.865,0,155,2,650,1947,"RFP","Background"
"7801",1,929.728,2.641,0,20,1,651,1950,"CFP","Airpore Old 1"
"7802",2,929.728,5.682,0,32,1,651,1950,"CFP","Airpore Old 2"
"7803",3,929.728,3.485,0,27,1,651,1950,"CFP","Airpore Old 3"
"7804",4,929.728,7.228,0,34,1,651,1950,"CFP","Airpore Medium 1"
"7805",5,929.728,5.575,0,39,1,651,1950,"CFP","Airpore Medium 2"
"7806",6,4123.441,4.332,0,31,1,651,1950,"CFP","Background"
"7807",1,929.728,28.69,0,76,2,651,1950,"RFP","Airpore Old 1"
"7808",2,929.728,76.1,7,255,2,651,1950,"RFP","Airpore Old 2"
"7809",3,929.728,30.856,0,119,2,651,1950,"RFP","Airpore Old 3"
"7810",4,929.728,69.523,15,255,2,651,1950,"RFP","Airpore Medium 1"
"7811",5,929.728,65.295,15,182,2,651,1950,"RFP","Airpore Medium 2"
"7812",6,4123.441,42.888,0,139,2,651,1950,"RFP","Background"
"7813",1,929.728,2.714,0,16,1,652,1953,"CFP","Airpore Old 1"
"7814",2,929.728,5.689,0,32,1,652,1953,"CFP","Airpore Old 2"
"7815",3,929.728,3.402,0,27,1,652,1953,"CFP","Airpore Old 3"
"7816",4,929.728,7.384,0,36,1,652,1953,"CFP","Airpore Medium 1"
"7817",5,929.728,5.72,0,28,1,652,1953,"CFP","Airpore Medium 2"
"7818",6,4123.441,4.282,0,35,1,652,1953,"CFP","Background"
"7819",1,929.728,29.135,0,77,2,652,1953,"RFP","Airpore Old 1"
"7820",2,929.728,77.145,7,255,2,652,1953,"RFP","Airpore Old 2"
"7821",3,929.728,30.638,0,108,2,652,1953,"RFP","Airpore Old 3"
"7822",4,929.728,68.963,15,255,2,652,1953,"RFP","Airpore Medium 1"
"7823",5,929.728,65.31,15,156,2,652,1953,"RFP","Airpore Medium 2"
"7824",6,4123.441,42.766,0,146,2,652,1953,"RFP","Background"
"7825",1,929.728,2.597,0,20,1,653,1956,"CFP","Airpore Old 1"
"7826",2,929.728,5.601,0,41,1,653,1956,"CFP","Airpore Old 2"
"7827",3,929.728,3.454,0,44,1,653,1956,"CFP","Airpore Old 3"
"7828",4,929.728,7.08,0,31,1,653,1956,"CFP","Airpore Medium 1"
"7829",5,929.728,5.634,0,31,1,653,1956,"CFP","Airpore Medium 2"
"7830",6,4123.441,4.365,0,31,1,653,1956,"CFP","Background"
"7831",1,929.728,28.966,3,91,2,653,1956,"RFP","Airpore Old 1"
"7832",2,929.728,76.724,3,255,2,653,1956,"RFP","Airpore Old 2"
"7833",3,929.728,30.787,0,144,2,653,1956,"RFP","Airpore Old 3"
"7834",4,929.728,68.669,19,255,2,653,1956,"RFP","Airpore Medium 1"
"7835",5,929.728,65.344,15,173,2,653,1956,"RFP","Airpore Medium 2"
"7836",6,4123.441,42.877,0,151,2,653,1956,"RFP","Background"
"7837",1,929.728,2.571,0,27,1,654,1959,"CFP","Airpore Old 1"
"7838",2,929.728,5.745,0,31,1,654,1959,"CFP","Airpore Old 2"
"7839",3,929.728,3.502,0,31,1,654,1959,"CFP","Airpore Old 3"
"7840",4,929.728,7.174,0,34,1,654,1959,"CFP","Airpore Medium 1"
"7841",5,929.728,5.692,0,35,1,654,1959,"CFP","Airpore Medium 2"
"7842",6,4123.441,4.345,0,40,1,654,1959,"CFP","Background"
"7843",1,929.728,28.312,3,83,2,654,1959,"RFP","Airpore Old 1"
"7844",2,929.728,75.514,11,255,2,654,1959,"RFP","Airpore Old 2"
"7845",3,929.728,29.986,3,123,2,654,1959,"RFP","Airpore Old 3"
"7846",4,929.728,68.185,12,255,2,654,1959,"RFP","Airpore Medium 1"
"7847",5,929.728,64.391,15,161,2,654,1959,"RFP","Airpore Medium 2"
"7848",6,4123.441,42.736,3,144,2,654,1959,"RFP","Background"
"7849",1,929.728,2.59,0,27,1,655,1962,"CFP","Airpore Old 1"
"7850",2,929.728,5.752,0,46,1,655,1962,"CFP","Airpore Old 2"
"7851",3,929.728,3.543,0,27,1,655,1962,"CFP","Airpore Old 3"
"7852",4,929.728,7.399,0,27,1,655,1962,"CFP","Airpore Medium 1"
"7853",5,929.728,5.601,0,32,1,655,1962,"CFP","Airpore Medium 2"
"7854",6,4123.441,4.355,0,30,1,655,1962,"CFP","Background"
"7855",1,929.728,28.633,3,93,2,655,1962,"RFP","Airpore Old 1"
"7856",2,929.728,75.762,7,255,2,655,1962,"RFP","Airpore Old 2"
"7857",3,929.728,30.62,0,155,2,655,1962,"RFP","Airpore Old 3"
"7858",4,929.728,68.624,15,255,2,655,1962,"RFP","Airpore Medium 1"
"7859",5,929.728,64.209,15,166,2,655,1962,"RFP","Airpore Medium 2"
"7860",6,4123.441,42.501,0,152,2,655,1962,"RFP","Background"
"7861",1,929.728,2.692,0,20,1,656,1965,"CFP","Airpore Old 1"
"7862",2,929.728,5.663,0,43,1,656,1965,"CFP","Airpore Old 2"
"7863",3,929.728,3.378,0,23,1,656,1965,"CFP","Airpore Old 3"
"7864",4,929.728,7.223,0,32,1,656,1965,"CFP","Airpore Medium 1"
"7865",5,929.728,5.572,0,35,1,656,1965,"CFP","Airpore Medium 2"
"7866",6,4123.441,4.346,0,46,1,656,1965,"CFP","Background"
"7867",1,929.728,28.952,3,80,2,656,1965,"RFP","Airpore Old 1"
"7868",2,929.728,76.057,7,255,2,656,1965,"RFP","Airpore Old 2"
"7869",3,929.728,30.629,0,115,2,656,1965,"RFP","Airpore Old 3"
"7870",4,929.728,68.35,19,255,2,656,1965,"RFP","Airpore Medium 1"
"7871",5,929.728,64.86,12,197,2,656,1965,"RFP","Airpore Medium 2"
"7872",6,4123.441,42.381,3,146,2,656,1965,"RFP","Background"
"7873",1,929.728,2.561,0,16,1,657,1968,"CFP","Airpore Old 1"
"7874",2,929.728,5.596,0,31,1,657,1968,"CFP","Airpore Old 2"
"7875",3,929.728,3.46,0,31,1,657,1968,"CFP","Airpore Old 3"
"7876",4,929.728,7.555,0,35,1,657,1968,"CFP","Airpore Medium 1"
"7877",5,929.728,5.857,0,33,1,657,1968,"CFP","Airpore Medium 2"
"7878",6,4123.441,4.285,0,58,1,657,1968,"CFP","Background"
"7879",1,929.728,27.986,0,130,2,657,1968,"RFP","Airpore Old 1"
"7880",2,929.728,75.254,7,255,2,657,1968,"RFP","Airpore Old 2"
"7881",3,929.728,30.603,3,131,2,657,1968,"RFP","Airpore Old 3"
"7882",4,929.728,68.841,11,255,2,657,1968,"RFP","Airpore Medium 1"
"7883",5,929.728,65.01,12,187,2,657,1968,"RFP","Airpore Medium 2"
"7884",6,4123.441,42.117,0,144,2,657,1968,"RFP","Background"
"7885",1,929.728,2.616,0,20,1,658,1971,"CFP","Airpore Old 1"
"7886",2,929.728,5.715,0,28,1,658,1971,"CFP","Airpore Old 2"
"7887",3,929.728,3.554,0,23,1,658,1971,"CFP","Airpore Old 3"
"7888",4,929.728,7.218,0,31,1,658,1971,"CFP","Airpore Medium 1"
"7889",5,929.728,5.695,0,33,1,658,1971,"CFP","Airpore Medium 2"
"7890",6,4123.441,4.217,0,39,1,658,1971,"CFP","Background"
"7891",1,929.728,28.362,3,79,2,658,1971,"RFP","Airpore Old 1"
"7892",2,929.728,75.841,8,255,2,658,1971,"RFP","Airpore Old 2"
"7893",3,929.728,30.602,0,112,2,658,1971,"RFP","Airpore Old 3"
"7894",4,929.728,68.949,15,255,2,658,1971,"RFP","Airpore Medium 1"
"7895",5,929.728,65.184,12,192,2,658,1971,"RFP","Airpore Medium 2"
"7896",6,4123.441,42.453,0,150,2,658,1971,"RFP","Background"
"7897",1,929.728,2.671,0,16,1,659,1974,"CFP","Airpore Old 1"
"7898",2,929.728,5.766,0,34,1,659,1974,"CFP","Airpore Old 2"
"7899",3,929.728,3.365,0,31,1,659,1974,"CFP","Airpore Old 3"
"7900",4,929.728,7.253,0,31,1,659,1974,"CFP","Airpore Medium 1"
"7901",5,929.728,5.553,0,24,1,659,1974,"CFP","Airpore Medium 2"
"7902",6,4123.441,4.297,0,37,1,659,1974,"CFP","Background"
"7903",1,929.728,28.661,3,92,2,659,1974,"RFP","Airpore Old 1"
"7904",2,929.728,76.734,11,255,2,659,1974,"RFP","Airpore Old 2"
"7905",3,929.728,30.405,0,114,2,659,1974,"RFP","Airpore Old 3"
"7906",4,929.728,69.495,15,255,2,659,1974,"RFP","Airpore Medium 1"
"7907",5,929.728,64.947,15,191,2,659,1974,"RFP","Airpore Medium 2"
"7908",6,4123.441,42.268,3,130,2,659,1974,"RFP","Background"
"7909",1,929.728,2.556,0,19,1,660,1977,"CFP","Airpore Old 1"
"7910",2,929.728,5.643,0,31,1,660,1977,"CFP","Airpore Old 2"
"7911",3,929.728,3.392,0,24,1,660,1977,"CFP","Airpore Old 3"
"7912",4,929.728,7.142,0,27,1,660,1977,"CFP","Airpore Medium 1"
"7913",5,929.728,5.577,0,27,1,660,1977,"CFP","Airpore Medium 2"
"7914",6,4123.441,4.286,0,32,1,660,1977,"CFP","Background"
"7915",1,929.728,28.829,3,86,2,660,1977,"RFP","Airpore Old 1"
"7916",2,929.728,75.978,8,255,2,660,1977,"RFP","Airpore Old 2"
"7917",3,929.728,30.388,0,131,2,660,1977,"RFP","Airpore Old 3"
"7918",4,929.728,68.318,15,255,2,660,1977,"RFP","Airpore Medium 1"
"7919",5,929.728,64.904,12,171,2,660,1977,"RFP","Airpore Medium 2"
"7920",6,4123.441,42.46,3,133,2,660,1977,"RFP","Background"
"7921",1,929.728,2.505,0,19,1,661,1980,"CFP","Airpore Old 1"
"7922",2,929.728,5.585,0,35,1,661,1980,"CFP","Airpore Old 2"
"7923",3,929.728,3.474,0,31,1,661,1980,"CFP","Airpore Old 3"
"7924",4,929.728,7.132,0,27,1,661,1980,"CFP","Airpore Medium 1"
"7925",5,929.728,5.587,0,31,1,661,1980,"CFP","Airpore Medium 2"
"7926",6,4123.441,4.211,0,35,1,661,1980,"CFP","Background"
"7927",1,929.728,27.735,0,76,2,661,1980,"RFP","Airpore Old 1"
"7928",2,929.728,76.102,7,255,2,661,1980,"RFP","Airpore Old 2"
"7929",3,929.728,30.781,0,135,2,661,1980,"RFP","Airpore Old 3"
"7930",4,929.728,68.852,15,255,2,661,1980,"RFP","Airpore Medium 1"
"7931",5,929.728,64.369,19,159,2,661,1980,"RFP","Airpore Medium 2"
"7932",6,4123.441,42.585,3,139,2,661,1980,"RFP","Background"
"7933",1,929.728,2.501,0,16,1,662,1983,"CFP","Airpore Old 1"
"7934",2,929.728,5.524,0,35,1,662,1983,"CFP","Airpore Old 2"
"7935",3,929.728,3.494,0,27,1,662,1983,"CFP","Airpore Old 3"
"7936",4,929.728,7.285,0,38,1,662,1983,"CFP","Airpore Medium 1"
"7937",5,929.728,5.622,0,28,1,662,1983,"CFP","Airpore Medium 2"
"7938",6,4123.441,4.379,0,58,1,662,1983,"CFP","Background"
"7939",1,929.728,28.621,0,76,2,662,1983,"RFP","Airpore Old 1"
"7940",2,929.728,76.458,11,255,2,662,1983,"RFP","Airpore Old 2"
"7941",3,929.728,30.887,0,152,2,662,1983,"RFP","Airpore Old 3"
"7942",4,929.728,69.112,15,255,2,662,1983,"RFP","Airpore Medium 1"
"7943",5,929.728,65.52,15,170,2,662,1983,"RFP","Airpore Medium 2"
"7944",6,4123.441,42.507,0,127,2,662,1983,"RFP","Background"
"7945",1,929.728,2.507,0,19,1,663,1986,"CFP","Airpore Old 1"
"7946",2,929.728,5.499,0,35,1,663,1986,"CFP","Airpore Old 2"
"7947",3,929.728,3.402,0,23,1,663,1986,"CFP","Airpore Old 3"
"7948",4,929.728,7.328,0,35,1,663,1986,"CFP","Airpore Medium 1"
"7949",5,929.728,5.468,0,27,1,663,1986,"CFP","Airpore Medium 2"
"7950",6,4123.441,4.244,0,40,1,663,1986,"CFP","Background"
"7951",1,929.728,28.578,3,84,2,663,1986,"RFP","Airpore Old 1"
"7952",2,929.728,76.029,3,255,2,663,1986,"RFP","Airpore Old 2"
"7953",3,929.728,30.939,0,139,2,663,1986,"RFP","Airpore Old 3"
"7954",4,929.728,68.719,12,255,2,663,1986,"RFP","Airpore Medium 1"
"7955",5,929.728,65.125,19,163,2,663,1986,"RFP","Airpore Medium 2"
"7956",6,4123.441,42.161,3,160,2,663,1986,"RFP","Background"
"7957",1,929.728,2.544,0,19,1,664,1989,"CFP","Airpore Old 1"
"7958",2,929.728,5.767,0,31,1,664,1989,"CFP","Airpore Old 2"
"7959",3,929.728,3.383,0,24,1,664,1989,"CFP","Airpore Old 3"
"7960",4,929.728,7.376,0,59,1,664,1989,"CFP","Airpore Medium 1"
"7961",5,929.728,5.459,0,23,1,664,1989,"CFP","Airpore Medium 2"
"7962",6,4123.441,4.257,0,31,1,664,1989,"CFP","Background"
"7963",1,929.728,28.642,3,146,2,664,1989,"RFP","Airpore Old 1"
"7964",2,929.728,76.079,7,255,2,664,1989,"RFP","Airpore Old 2"
"7965",3,929.728,30.318,0,135,2,664,1989,"RFP","Airpore Old 3"
"7966",4,929.728,69.002,15,255,2,664,1989,"RFP","Airpore Medium 1"
"7967",5,929.728,65.115,11,187,2,664,1989,"RFP","Airpore Medium 2"
"7968",6,4123.441,42.24,0,143,2,664,1989,"RFP","Background"
"7969",1,929.728,2.593,0,23,1,665,1992,"CFP","Airpore Old 1"
"7970",2,929.728,5.577,0,31,1,665,1992,"CFP","Airpore Old 2"
"7971",3,929.728,3.355,0,27,1,665,1992,"CFP","Airpore Old 3"
"7972",4,929.728,7.057,0,36,1,665,1992,"CFP","Airpore Medium 1"
"7973",5,929.728,5.821,0,27,1,665,1992,"CFP","Airpore Medium 2"
"7974",6,4123.441,4.323,0,32,1,665,1992,"CFP","Background"
"7975",1,929.728,27.912,3,96,2,665,1992,"RFP","Airpore Old 1"
"7976",2,929.728,76.056,11,255,2,665,1992,"RFP","Airpore Old 2"
"7977",3,929.728,30.438,0,121,2,665,1992,"RFP","Airpore Old 3"
"7978",4,929.728,68.365,15,255,2,665,1992,"RFP","Airpore Medium 1"
"7979",5,929.728,64.611,15,192,2,665,1992,"RFP","Airpore Medium 2"
"7980",6,4123.441,42.168,0,140,2,665,1992,"RFP","Background"
"7981",1,929.728,2.63,0,20,1,666,1995,"CFP","Airpore Old 1"
"7982",2,929.728,5.395,0,39,1,666,1995,"CFP","Airpore Old 2"
"7983",3,929.728,3.447,0,23,1,666,1995,"CFP","Airpore Old 3"
"7984",4,929.728,7.321,0,31,1,666,1995,"CFP","Airpore Medium 1"
"7985",5,929.728,5.799,0,28,1,666,1995,"CFP","Airpore Medium 2"
"7986",6,4123.441,4.295,0,36,1,666,1995,"CFP","Background"
"7987",1,929.728,28.321,3,76,2,666,1995,"RFP","Airpore Old 1"
"7988",2,929.728,75.281,11,255,2,666,1995,"RFP","Airpore Old 2"
"7989",3,929.728,31.013,0,131,2,666,1995,"RFP","Airpore Old 3"
"7990",4,929.728,69.447,19,255,2,666,1995,"RFP","Airpore Medium 1"
"7991",5,929.728,65.05,19,181,2,666,1995,"RFP","Airpore Medium 2"
"7992",6,4123.441,42.335,0,170,2,666,1995,"RFP","Background"
"7993",1,929.728,2.544,0,20,1,667,1998,"CFP","Airpore Old 1"
"7994",2,929.728,5.726,0,61,1,667,1998,"CFP","Airpore Old 2"
"7995",3,929.728,3.339,0,27,1,667,1998,"CFP","Airpore Old 3"
"7996",4,929.728,7.054,0,31,1,667,1998,"CFP","Airpore Medium 1"
"7997",5,929.728,5.434,0,24,1,667,1998,"CFP","Airpore Medium 2"
"7998",6,4123.441,4.269,0,31,1,667,1998,"CFP","Background"
"7999",1,929.728,28.475,0,79,2,667,1998,"RFP","Airpore Old 1"
"8000",2,929.728,75.728,7,255,2,667,1998,"RFP","Airpore Old 2"
"8001",3,929.728,31.116,0,120,2,667,1998,"RFP","Airpore Old 3"
"8002",4,929.728,69.234,11,255,2,667,1998,"RFP","Airpore Medium 1"
"8003",5,929.728,65.314,15,166,2,667,1998,"RFP","Airpore Medium 2"
"8004",6,4123.441,42.154,0,127,2,667,1998,"RFP","Background"
"8005",1,929.728,2.517,0,20,1,668,2001,"CFP","Airpore Old 1"
"8006",2,929.728,5.792,0,39,1,668,2001,"CFP","Airpore Old 2"
"8007",3,929.728,3.535,0,27,1,668,2001,"CFP","Airpore Old 3"
"8008",4,929.728,7.234,0,32,1,668,2001,"CFP","Airpore Medium 1"
"8009",5,929.728,5.682,0,31,1,668,2001,"CFP","Airpore Medium 2"
"8010",6,4123.441,4.238,0,36,1,668,2001,"CFP","Background"
"8011",1,929.728,28.574,3,88,2,668,2001,"RFP","Airpore Old 1"
"8012",2,929.728,75.696,8,255,2,668,2001,"RFP","Airpore Old 2"
"8013",3,929.728,30.682,0,117,2,668,2001,"RFP","Airpore Old 3"
"8014",4,929.728,69.203,19,255,2,668,2001,"RFP","Airpore Medium 1"
"8015",5,929.728,65.438,15,162,2,668,2001,"RFP","Airpore Medium 2"
"8016",6,4123.441,42.325,3,230,2,668,2001,"RFP","Background"
"8017",1,929.728,2.571,0,16,1,669,2004,"CFP","Airpore Old 1"
"8018",2,929.728,5.423,0,32,1,669,2004,"CFP","Airpore Old 2"
"8019",3,929.728,3.352,0,27,1,669,2004,"CFP","Airpore Old 3"
"8020",4,929.728,7.349,0,46,1,669,2004,"CFP","Airpore Medium 1"
"8021",5,929.728,5.569,0,27,1,669,2004,"CFP","Airpore Medium 2"
"8022",6,4123.441,4.27,0,31,1,669,2004,"CFP","Background"
"8023",1,929.728,27.865,3,75,2,669,2004,"RFP","Airpore Old 1"
"8024",2,929.728,75.344,7,255,2,669,2004,"RFP","Airpore Old 2"
"8025",3,929.728,30.463,0,156,2,669,2004,"RFP","Airpore Old 3"
"8026",4,929.728,68.739,15,255,2,669,2004,"RFP","Airpore Medium 1"
"8027",5,929.728,64.893,15,189,2,669,2004,"RFP","Airpore Medium 2"
"8028",6,4123.441,41.633,3,166,2,669,2004,"RFP","Background"
"8029",1,929.728,2.585,0,24,1,670,2007,"CFP","Airpore Old 1"
"8030",2,929.728,5.405,0,35,1,670,2007,"CFP","Airpore Old 2"
"8031",3,929.728,3.322,0,27,1,670,2007,"CFP","Airpore Old 3"
"8032",4,929.728,7.35,0,31,1,670,2007,"CFP","Airpore Medium 1"
"8033",5,929.728,5.617,0,34,1,670,2007,"CFP","Airpore Medium 2"
"8034",6,4123.441,4.322,0,32,1,670,2007,"CFP","Background"
"8035",1,929.728,28.407,0,80,2,670,2007,"RFP","Airpore Old 1"
"8036",2,929.728,75.041,7,255,2,670,2007,"RFP","Airpore Old 2"
"8037",3,929.728,30.744,3,135,2,670,2007,"RFP","Airpore Old 3"
"8038",4,929.728,68.769,11,255,2,670,2007,"RFP","Airpore Medium 1"
"8039",5,929.728,65.189,15,178,2,670,2007,"RFP","Airpore Medium 2"
"8040",6,4123.441,41.939,3,140,2,670,2007,"RFP","Background"
"8041",1,929.728,2.374,0,19,1,671,2010,"CFP","Airpore Old 1"
"8042",2,929.728,5.588,0,35,1,671,2010,"CFP","Airpore Old 2"
"8043",3,929.728,3.431,0,31,1,671,2010,"CFP","Airpore Old 3"
"8044",4,929.728,7.216,0,43,1,671,2010,"CFP","Airpore Medium 1"
"8045",5,929.728,5.681,0,27,1,671,2010,"CFP","Airpore Medium 2"
"8046",6,4123.441,4.205,0,31,1,671,2010,"CFP","Background"
"8047",1,929.728,28.612,3,103,2,671,2010,"RFP","Airpore Old 1"
"8048",2,929.728,74.935,8,255,2,671,2010,"RFP","Airpore Old 2"
"8049",3,929.728,30.454,0,127,2,671,2010,"RFP","Airpore Old 3"
"8050",4,929.728,68.421,12,255,2,671,2010,"RFP","Airpore Medium 1"
"8051",5,929.728,65.192,15,200,2,671,2010,"RFP","Airpore Medium 2"
"8052",6,4123.441,41.791,0,143,2,671,2010,"RFP","Background"
"8053",1,929.728,2.564,0,20,1,672,2013,"CFP","Airpore Old 1"
"8054",2,929.728,5.383,0,31,1,672,2013,"CFP","Airpore Old 2"
"8055",3,929.728,3.428,0,28,1,672,2013,"CFP","Airpore Old 3"
"8056",4,929.728,7.269,0,31,1,672,2013,"CFP","Airpore Medium 1"
"8057",5,929.728,5.84,0,23,1,672,2013,"CFP","Airpore Medium 2"
"8058",6,4123.441,4.277,0,31,1,672,2013,"CFP","Background"
"8059",1,929.728,27.823,0,84,2,672,2013,"RFP","Airpore Old 1"
"8060",2,929.728,75.504,11,255,2,672,2013,"RFP","Airpore Old 2"
"8061",3,929.728,30.235,0,146,2,672,2013,"RFP","Airpore Old 3"
"8062",4,929.728,68.046,15,255,2,672,2013,"RFP","Airpore Medium 1"
"8063",5,929.728,65.121,11,174,2,672,2013,"RFP","Airpore Medium 2"
"8064",6,4123.441,41.837,3,152,2,672,2013,"RFP","Background"
"8065",1,929.728,2.574,0,19,1,673,2016,"CFP","Airpore Old 1"
"8066",2,929.728,5.475,0,31,1,673,2016,"CFP","Airpore Old 2"
"8067",3,929.728,3.469,0,31,1,673,2016,"CFP","Airpore Old 3"
"8068",4,929.728,7.243,0,35,1,673,2016,"CFP","Airpore Medium 1"
"8069",5,929.728,5.677,0,31,1,673,2016,"CFP","Airpore Medium 2"
"8070",6,4123.441,4.275,0,32,1,673,2016,"CFP","Background"
"8071",1,929.728,27.807,3,80,2,673,2016,"RFP","Airpore Old 1"
"8072",2,929.728,75.275,7,255,2,673,2016,"RFP","Airpore Old 2"
"8073",3,929.728,31.037,0,138,2,673,2016,"RFP","Airpore Old 3"
"8074",4,929.728,68.818,12,255,2,673,2016,"RFP","Airpore Medium 1"
"8075",5,929.728,64.815,15,161,2,673,2016,"RFP","Airpore Medium 2"
"8076",6,4123.441,41.925,0,140,2,673,2016,"RFP","Background"
"8077",1,929.728,2.535,0,43,1,674,2019,"CFP","Airpore Old 1"
"8078",2,929.728,5.616,0,31,1,674,2019,"CFP","Airpore Old 2"
"8079",3,929.728,3.334,0,32,1,674,2019,"CFP","Airpore Old 3"
"8080",4,929.728,7.194,0,31,1,674,2019,"CFP","Airpore Medium 1"
"8081",5,929.728,5.793,0,31,1,674,2019,"CFP","Airpore Medium 2"
"8082",6,4123.441,4.296,0,44,1,674,2019,"CFP","Background"
"8083",1,929.728,27.981,3,80,2,674,2019,"RFP","Airpore Old 1"
"8084",2,929.728,74.917,7,255,2,674,2019,"RFP","Airpore Old 2"
"8085",3,929.728,30.604,0,127,2,674,2019,"RFP","Airpore Old 3"
"8086",4,929.728,69.281,15,255,2,674,2019,"RFP","Airpore Medium 1"
"8087",5,929.728,64.736,15,177,2,674,2019,"RFP","Airpore Medium 2"
"8088",6,4123.441,41.908,0,150,2,674,2019,"RFP","Background"
"8089",1,929.728,2.486,0,23,1,675,2022,"CFP","Airpore Old 1"
"8090",2,929.728,5.658,0,31,1,675,2022,"CFP","Airpore Old 2"
"8091",3,929.728,3.562,0,27,1,675,2022,"CFP","Airpore Old 3"
"8092",4,929.728,7.127,0,51,1,675,2022,"CFP","Airpore Medium 1"
"8093",5,929.728,5.446,0,23,1,675,2022,"CFP","Airpore Medium 2"
"8094",6,4123.441,4.267,0,36,1,675,2022,"CFP","Background"
"8095",1,929.728,28.287,3,77,2,675,2022,"RFP","Airpore Old 1"
"8096",2,929.728,75.87,7,255,2,675,2022,"RFP","Airpore Old 2"
"8097",3,929.728,30.721,3,126,2,675,2022,"RFP","Airpore Old 3"
"8098",4,929.728,68.252,15,255,2,675,2022,"RFP","Airpore Medium 1"
"8099",5,929.728,64.635,19,185,2,675,2022,"RFP","Airpore Medium 2"
"8100",6,4123.441,41.694,0,141,2,675,2022,"RFP","Background"
"8101",1,929.728,2.579,0,33,1,676,2025,"CFP","Airpore Old 1"
"8102",2,929.728,5.658,0,40,1,676,2025,"CFP","Airpore Old 2"
"8103",3,929.728,3.508,0,23,1,676,2025,"CFP","Airpore Old 3"
"8104",4,929.728,7.373,0,27,1,676,2025,"CFP","Airpore Medium 1"
"8105",5,929.728,5.775,0,28,1,676,2025,"CFP","Airpore Medium 2"
"8106",6,4123.441,4.187,0,28,1,676,2025,"CFP","Background"
"8107",1,929.728,28.25,0,88,2,676,2025,"RFP","Airpore Old 1"
"8108",2,929.728,75.054,3,255,2,676,2025,"RFP","Airpore Old 2"
"8109",3,929.728,30.368,0,137,2,676,2025,"RFP","Airpore Old 3"
"8110",4,929.728,68.952,15,255,2,676,2025,"RFP","Airpore Medium 1"
"8111",5,929.728,64.778,19,185,2,676,2025,"RFP","Airpore Medium 2"
"8112",6,4123.441,41.906,3,146,2,676,2025,"RFP","Background"
"8113",1,929.728,2.462,0,19,1,677,2028,"CFP","Airpore Old 1"
"8114",2,929.728,5.4,0,38,1,677,2028,"CFP","Airpore Old 2"
"8115",3,929.728,3.329,0,23,1,677,2028,"CFP","Airpore Old 3"
"8116",4,929.728,7.223,0,27,1,677,2028,"CFP","Airpore Medium 1"
"8117",5,929.728,5.763,0,24,1,677,2028,"CFP","Airpore Medium 2"
"8118",6,4123.441,4.228,0,31,1,677,2028,"CFP","Background"
"8119",1,929.728,28.12,0,84,2,677,2028,"RFP","Airpore Old 1"
"8120",2,929.728,75.613,7,255,2,677,2028,"RFP","Airpore Old 2"
"8121",3,929.728,30.374,0,124,2,677,2028,"RFP","Airpore Old 3"
"8122",4,929.728,68.572,15,255,2,677,2028,"RFP","Airpore Medium 1"
"8123",5,929.728,65.189,15,182,2,677,2028,"RFP","Airpore Medium 2"
"8124",6,4123.441,41.937,0,147,2,677,2028,"RFP","Background"
"8125",1,929.728,2.633,0,47,1,678,2031,"CFP","Airpore Old 1"
"8126",2,929.728,5.756,0,32,1,678,2031,"CFP","Airpore Old 2"
"8127",3,929.728,3.418,0,24,1,678,2031,"CFP","Airpore Old 3"
"8128",4,929.728,6.989,0,31,1,678,2031,"CFP","Airpore Medium 1"
"8129",5,929.728,5.721,0,39,1,678,2031,"CFP","Airpore Medium 2"
"8130",6,4123.441,4.16,0,32,1,678,2031,"CFP","Background"
"8131",1,929.728,28.453,3,80,2,678,2031,"RFP","Airpore Old 1"
"8132",2,929.728,74.926,3,255,2,678,2031,"RFP","Airpore Old 2"
"8133",3,929.728,30.356,0,131,2,678,2031,"RFP","Airpore Old 3"
"8134",4,929.728,69.119,19,255,2,678,2031,"RFP","Airpore Medium 1"
"8135",5,929.728,64.636,12,176,2,678,2031,"RFP","Airpore Medium 2"
"8136",6,4123.441,41.836,3,135,2,678,2031,"RFP","Background"
"8137",1,929.728,2.496,0,24,1,679,2034,"CFP","Airpore Old 1"
"8138",2,929.728,5.463,0,31,1,679,2034,"CFP","Airpore Old 2"
"8139",3,929.728,3.328,0,23,1,679,2034,"CFP","Airpore Old 3"
"8140",4,929.728,7.193,0,35,1,679,2034,"CFP","Airpore Medium 1"
"8141",5,929.728,5.57,0,31,1,679,2034,"CFP","Airpore Medium 2"
"8142",6,4123.441,4.266,0,40,1,679,2034,"CFP","Background"
"8143",1,929.728,28.195,3,87,2,679,2034,"RFP","Airpore Old 1"
"8144",2,929.728,74.965,11,255,2,679,2034,"RFP","Airpore Old 2"
"8145",3,929.728,30.86,0,131,2,679,2034,"RFP","Airpore Old 3"
"8146",4,929.728,69.472,15,255,2,679,2034,"RFP","Airpore Medium 1"
"8147",5,929.728,65.676,11,185,2,679,2034,"RFP","Airpore Medium 2"
"8148",6,4123.441,41.838,3,147,2,679,2034,"RFP","Background"
"8149",1,929.728,2.44,0,16,1,680,2037,"CFP","Airpore Old 1"
"8150",2,929.728,5.346,0,31,1,680,2037,"CFP","Airpore Old 2"
"8151",3,929.728,3.395,0,24,1,680,2037,"CFP","Airpore Old 3"
"8152",4,929.728,7.169,0,27,1,680,2037,"CFP","Airpore Medium 1"
"8153",5,929.728,5.552,0,31,1,680,2037,"CFP","Airpore Medium 2"
"8154",6,4123.441,4.196,0,42,1,680,2037,"CFP","Background"
"8155",1,929.728,27.865,3,93,2,680,2037,"RFP","Airpore Old 1"
"8156",2,929.728,74.838,7,255,2,680,2037,"RFP","Airpore Old 2"
"8157",3,929.728,30.9,0,123,2,680,2037,"RFP","Airpore Old 3"
"8158",4,929.728,68.54,15,255,2,680,2037,"RFP","Airpore Medium 1"
"8159",5,929.728,65.447,15,172,2,680,2037,"RFP","Airpore Medium 2"
"8160",6,4123.441,41.743,0,140,2,680,2037,"RFP","Background"
"8161",1,929.728,2.65,0,42,1,681,2040,"CFP","Airpore Old 1"
"8162",2,929.728,5.464,0,27,1,681,2040,"CFP","Airpore Old 2"
"8163",3,929.728,3.428,0,27,1,681,2040,"CFP","Airpore Old 3"
"8164",4,929.728,7.469,0,27,1,681,2040,"CFP","Airpore Medium 1"
"8165",5,929.728,5.564,0,27,1,681,2040,"CFP","Airpore Medium 2"
"8166",6,4123.441,4.173,0,33,1,681,2040,"CFP","Background"
"8167",1,929.728,28.048,0,83,2,681,2040,"RFP","Airpore Old 1"
"8168",2,929.728,74.834,7,255,2,681,2040,"RFP","Airpore Old 2"
"8169",3,929.728,30.829,0,123,2,681,2040,"RFP","Airpore Old 3"
"8170",4,929.728,69.365,15,255,2,681,2040,"RFP","Airpore Medium 1"
"8171",5,929.728,65.519,15,186,2,681,2040,"RFP","Airpore Medium 2"
"8172",6,4123.441,41.879,0,143,2,681,2040,"RFP","Background"
"8173",1,929.728,2.52,0,20,1,682,2043,"CFP","Airpore Old 1"
"8174",2,929.728,5.376,0,35,1,682,2043,"CFP","Airpore Old 2"
"8175",3,929.728,3.356,0,27,1,682,2043,"CFP","Airpore Old 3"
"8176",4,929.728,7.279,0,31,1,682,2043,"CFP","Airpore Medium 1"
"8177",5,929.728,5.608,0,27,1,682,2043,"CFP","Airpore Medium 2"
"8178",6,4123.441,4.109,0,39,1,682,2043,"CFP","Background"
"8179",1,929.728,28.126,3,80,2,682,2043,"RFP","Airpore Old 1"
"8180",2,929.728,74.945,8,255,2,682,2043,"RFP","Airpore Old 2"
"8181",3,929.728,30.608,0,131,2,682,2043,"RFP","Airpore Old 3"
"8182",4,929.728,67.817,12,255,2,682,2043,"RFP","Airpore Medium 1"
"8183",5,929.728,65.404,12,176,2,682,2043,"RFP","Airpore Medium 2"
"8184",6,4123.441,41.498,0,144,2,682,2043,"RFP","Background"
"8185",1,929.728,2.567,0,19,1,683,2046,"CFP","Airpore Old 1"
"8186",2,929.728,5.617,0,35,1,683,2046,"CFP","Airpore Old 2"
"8187",3,929.728,3.427,0,27,1,683,2046,"CFP","Airpore Old 3"
"8188",4,929.728,7.273,0,28,1,683,2046,"CFP","Airpore Medium 1"
"8189",5,929.728,5.66,0,31,1,683,2046,"CFP","Airpore Medium 2"
"8190",6,4123.441,4.17,0,31,1,683,2046,"CFP","Background"
"8191",1,929.728,27.682,0,83,2,683,2046,"RFP","Airpore Old 1"
"8192",2,929.728,74.412,11,255,2,683,2046,"RFP","Airpore Old 2"
"8193",3,929.728,30.674,0,135,2,683,2046,"RFP","Airpore Old 3"
"8194",4,929.728,68.383,15,255,2,683,2046,"RFP","Airpore Medium 1"
"8195",5,929.728,64.748,12,178,2,683,2046,"RFP","Airpore Medium 2"
"8196",6,4123.441,41.337,0,131,2,683,2046,"RFP","Background"
"8197",1,929.728,2.697,0,16,1,684,2049,"CFP","Airpore Old 1"
"8198",2,929.728,5.373,0,34,1,684,2049,"CFP","Airpore Old 2"
"8199",3,929.728,3.347,0,27,1,684,2049,"CFP","Airpore Old 3"
"8200",4,929.728,7.376,0,47,1,684,2049,"CFP","Airpore Medium 1"
"8201",5,929.728,5.694,0,34,1,684,2049,"CFP","Airpore Medium 2"
"8202",6,4123.441,4.151,0,31,1,684,2049,"CFP","Background"
"8203",1,929.728,27.857,0,80,2,684,2049,"RFP","Airpore Old 1"
"8204",2,929.728,74.59,3,255,2,684,2049,"RFP","Airpore Old 2"
"8205",3,929.728,30.199,0,129,2,684,2049,"RFP","Airpore Old 3"
"8206",4,929.728,68.955,12,255,2,684,2049,"RFP","Airpore Medium 1"
"8207",5,929.728,64.197,11,171,2,684,2049,"RFP","Airpore Medium 2"
"8208",6,4123.441,41.214,0,145,2,684,2049,"RFP","Background"
"8209",1,929.728,2.464,0,20,1,685,2052,"CFP","Airpore Old 1"
"8210",2,929.728,5.383,0,31,1,685,2052,"CFP","Airpore Old 2"
"8211",3,929.728,3.315,0,24,1,685,2052,"CFP","Airpore Old 3"
"8212",4,929.728,7.227,0,31,1,685,2052,"CFP","Airpore Medium 1"
"8213",5,929.728,5.637,0,46,1,685,2052,"CFP","Airpore Medium 2"
"8214",6,4123.441,4.073,0,31,1,685,2052,"CFP","Background"
"8215",1,929.728,28.077,3,97,2,685,2052,"RFP","Airpore Old 1"
"8216",2,929.728,74.477,7,255,2,685,2052,"RFP","Airpore Old 2"
"8217",3,929.728,30.977,0,131,2,685,2052,"RFP","Airpore Old 3"
"8218",4,929.728,68.674,12,255,2,685,2052,"RFP","Airpore Medium 1"
"8219",5,929.728,64.553,15,195,2,685,2052,"RFP","Airpore Medium 2"
"8220",6,4123.441,41.412,0,154,2,685,2052,"RFP","Background"
"8221",1,929.728,2.632,0,19,1,686,2055,"CFP","Airpore Old 1"
"8222",2,929.728,5.535,0,31,1,686,2055,"CFP","Airpore Old 2"
"8223",3,929.728,3.574,0,31,1,686,2055,"CFP","Airpore Old 3"
"8224",4,929.728,7.268,0,36,1,686,2055,"CFP","Airpore Medium 1"
"8225",5,929.728,5.807,0,37,1,686,2055,"CFP","Airpore Medium 2"
"8226",6,4123.441,4.089,0,51,1,686,2055,"CFP","Background"
"8227",1,929.728,27.473,3,72,2,686,2055,"RFP","Airpore Old 1"
"8228",2,929.728,74.595,8,255,2,686,2055,"RFP","Airpore Old 2"
"8229",3,929.728,30.442,0,118,2,686,2055,"RFP","Airpore Old 3"
"8230",4,929.728,67.944,15,255,2,686,2055,"RFP","Airpore Medium 1"
"8231",5,929.728,64.88,15,182,2,686,2055,"RFP","Airpore Medium 2"
"8232",6,4123.441,41.232,0,143,2,686,2055,"RFP","Background"
"8233",1,929.728,2.545,0,16,1,687,2058,"CFP","Airpore Old 1"
"8234",2,929.728,5.504,0,31,1,687,2058,"CFP","Airpore Old 2"
"8235",3,929.728,3.405,0,31,1,687,2058,"CFP","Airpore Old 3"
"8236",4,929.728,7.198,0,35,1,687,2058,"CFP","Airpore Medium 1"
"8237",5,929.728,5.541,0,35,1,687,2058,"CFP","Airpore Medium 2"
"8238",6,4123.441,4.176,0,31,1,687,2058,"CFP","Background"
"8239",1,929.728,27.505,0,127,2,687,2058,"RFP","Airpore Old 1"
"8240",2,929.728,74.159,8,255,2,687,2058,"RFP","Airpore Old 2"
"8241",3,929.728,31.14,0,130,2,687,2058,"RFP","Airpore Old 3"
"8242",4,929.728,67.37,15,255,2,687,2058,"RFP","Airpore Medium 1"
"8243",5,929.728,65.272,15,151,2,687,2058,"RFP","Airpore Medium 2"
"8244",6,4123.441,40.968,0,134,2,687,2058,"RFP","Background"
"8245",1,929.728,2.489,0,20,1,688,2061,"CFP","Airpore Old 1"
"8246",2,929.728,5.422,0,34,1,688,2061,"CFP","Airpore Old 2"
"8247",3,929.728,3.57,0,46,1,688,2061,"CFP","Airpore Old 3"
"8248",4,929.728,7.277,0,37,1,688,2061,"CFP","Airpore Medium 1"
"8249",5,929.728,5.929,0,27,1,688,2061,"CFP","Airpore Medium 2"
"8250",6,4123.441,4.126,0,37,1,688,2061,"CFP","Background"
"8251",1,929.728,27.633,0,77,2,688,2061,"RFP","Airpore Old 1"
"8252",2,929.728,74.21,7,255,2,688,2061,"RFP","Airpore Old 2"
"8253",3,929.728,30.903,0,128,2,688,2061,"RFP","Airpore Old 3"
"8254",4,929.728,68.462,15,255,2,688,2061,"RFP","Airpore Medium 1"
"8255",5,929.728,65.865,15,183,2,688,2061,"RFP","Airpore Medium 2"
"8256",6,4123.441,41.355,3,158,2,688,2061,"RFP","Background"
"8257",1,929.728,2.495,0,16,1,689,2064,"CFP","Airpore Old 1"
"8258",2,929.728,5.515,0,35,1,689,2064,"CFP","Airpore Old 2"
"8259",3,929.728,3.345,0,27,1,689,2064,"CFP","Airpore Old 3"
"8260",4,929.728,7.209,0,31,1,689,2064,"CFP","Airpore Medium 1"
"8261",5,929.728,5.65,0,27,1,689,2064,"CFP","Airpore Medium 2"
"8262",6,4123.441,4.175,0,36,1,689,2064,"CFP","Background"
"8263",1,929.728,27.792,0,83,2,689,2064,"RFP","Airpore Old 1"
"8264",2,929.728,74.828,7,255,2,689,2064,"RFP","Airpore Old 2"
"8265",3,929.728,30.824,0,122,2,689,2064,"RFP","Airpore Old 3"
"8266",4,929.728,68.223,15,255,2,689,2064,"RFP","Airpore Medium 1"
"8267",5,929.728,64.813,15,190,2,689,2064,"RFP","Airpore Medium 2"
"8268",6,4123.441,41.514,0,127,2,689,2064,"RFP","Background"
"8269",1,929.728,2.388,0,16,1,690,2067,"CFP","Airpore Old 1"
"8270",2,929.728,5.507,0,43,1,690,2067,"CFP","Airpore Old 2"
"8271",3,929.728,3.371,0,27,1,690,2067,"CFP","Airpore Old 3"
"8272",4,929.728,7.274,0,35,1,690,2067,"CFP","Airpore Medium 1"
"8273",5,929.728,5.829,0,28,1,690,2067,"CFP","Airpore Medium 2"
"8274",6,4123.441,4.123,0,40,1,690,2067,"CFP","Background"
"8275",1,929.728,27.591,3,76,2,690,2067,"RFP","Airpore Old 1"
"8276",2,929.728,74.802,7,255,2,690,2067,"RFP","Airpore Old 2"
"8277",3,929.728,31.11,0,138,2,690,2067,"RFP","Airpore Old 3"
"8278",4,929.728,68.066,19,255,2,690,2067,"RFP","Airpore Medium 1"
"8279",5,929.728,65.697,12,179,2,690,2067,"RFP","Airpore Medium 2"
"8280",6,4123.441,41.269,3,123,2,690,2067,"RFP","Background"
"8281",1,929.728,2.509,0,21,1,691,2070,"CFP","Airpore Old 1"
"8282",2,929.728,5.419,0,31,1,691,2070,"CFP","Airpore Old 2"
"8283",3,929.728,3.385,0,25,1,691,2070,"CFP","Airpore Old 3"
"8284",4,929.728,7.289,0,27,1,691,2070,"CFP","Airpore Medium 1"
"8285",5,929.728,5.772,0,27,1,691,2070,"CFP","Airpore Medium 2"
"8286",6,4123.441,4.088,0,37,1,691,2070,"CFP","Background"
"8287",1,929.728,27.79,0,87,2,691,2070,"RFP","Airpore Old 1"
"8288",2,929.728,74.318,7,255,2,691,2070,"RFP","Airpore Old 2"
"8289",3,929.728,30.792,0,134,2,691,2070,"RFP","Airpore Old 3"
"8290",4,929.728,68.364,11,255,2,691,2070,"RFP","Airpore Medium 1"
"8291",5,929.728,64.957,12,175,2,691,2070,"RFP","Airpore Medium 2"
"8292",6,4123.441,41.029,0,144,2,691,2070,"RFP","Background"
"8293",1,929.728,2.406,0,24,1,692,2073,"CFP","Airpore Old 1"
"8294",2,929.728,5.478,0,39,1,692,2073,"CFP","Airpore Old 2"
"8295",3,929.728,3.361,0,23,1,692,2073,"CFP","Airpore Old 3"
"8296",4,929.728,7.245,0,36,1,692,2073,"CFP","Airpore Medium 1"
"8297",5,929.728,5.623,0,24,1,692,2073,"CFP","Airpore Medium 2"
"8298",6,4123.441,4.142,0,39,1,692,2073,"CFP","Background"
"8299",1,929.728,27.592,3,75,2,692,2073,"RFP","Airpore Old 1"
"8300",2,929.728,74.733,7,255,2,692,2073,"RFP","Airpore Old 2"
"8301",3,929.728,30.547,3,118,2,692,2073,"RFP","Airpore Old 3"
"8302",4,929.728,68.323,12,255,2,692,2073,"RFP","Airpore Medium 1"
"8303",5,929.728,64.572,12,185,2,692,2073,"RFP","Airpore Medium 2"
"8304",6,4123.441,41.055,0,181,2,692,2073,"RFP","Background"
"8305",1,929.728,2.488,0,28,1,693,2076,"CFP","Airpore Old 1"
"8306",2,929.728,5.58,0,31,1,693,2076,"CFP","Airpore Old 2"
"8307",3,929.728,3.27,0,31,1,693,2076,"CFP","Airpore Old 3"
"8308",4,929.728,7.414,0,27,1,693,2076,"CFP","Airpore Medium 1"
"8309",5,929.728,5.501,0,31,1,693,2076,"CFP","Airpore Medium 2"
"8310",6,4123.441,4.135,0,27,1,693,2076,"CFP","Background"
"8311",1,929.728,27.507,0,75,2,693,2076,"RFP","Airpore Old 1"
"8312",2,929.728,74.438,7,255,2,693,2076,"RFP","Airpore Old 2"
"8313",3,929.728,30.33,0,148,2,693,2076,"RFP","Airpore Old 3"
"8314",4,929.728,66.964,15,255,2,693,2076,"RFP","Airpore Medium 1"
"8315",5,929.728,64.792,15,172,2,693,2076,"RFP","Airpore Medium 2"
"8316",6,4123.441,41.073,0,185,2,693,2076,"RFP","Background"
"8317",1,929.728,2.486,0,23,1,694,2079,"CFP","Airpore Old 1"
"8318",2,929.728,5.664,0,34,1,694,2079,"CFP","Airpore Old 2"
"8319",3,929.728,3.431,0,27,1,694,2079,"CFP","Airpore Old 3"
"8320",4,929.728,7.368,0,31,1,694,2079,"CFP","Airpore Medium 1"
"8321",5,929.728,5.582,0,31,1,694,2079,"CFP","Airpore Medium 2"
"8322",6,4123.441,4.046,0,31,1,694,2079,"CFP","Background"
"8323",1,929.728,27.384,0,83,2,694,2079,"RFP","Airpore Old 1"
"8324",2,929.728,74.273,11,255,2,694,2079,"RFP","Airpore Old 2"
"8325",3,929.728,30.039,0,120,2,694,2079,"RFP","Airpore Old 3"
"8326",4,929.728,68.721,15,255,2,694,2079,"RFP","Airpore Medium 1"
"8327",5,929.728,64,12,176,2,694,2079,"RFP","Airpore Medium 2"
"8328",6,4123.441,40.847,0,144,2,694,2079,"RFP","Background"
"8329",1,929.728,2.403,0,15,1,695,2082,"CFP","Airpore Old 1"
"8330",2,929.728,5.276,0,27,1,695,2082,"CFP","Airpore Old 2"
"8331",3,929.728,3.47,0,31,1,695,2082,"CFP","Airpore Old 3"
"8332",4,929.728,7.057,0,31,1,695,2082,"CFP","Airpore Medium 1"
"8333",5,929.728,5.593,0,27,1,695,2082,"CFP","Airpore Medium 2"
"8334",6,4123.441,4.151,0,40,1,695,2082,"CFP","Background"
"8335",1,929.728,28.044,3,151,2,695,2082,"RFP","Airpore Old 1"
"8336",2,929.728,74.559,7,255,2,695,2082,"RFP","Airpore Old 2"
"8337",3,929.728,30.879,0,125,2,695,2082,"RFP","Airpore Old 3"
"8338",4,929.728,68.011,15,255,2,695,2082,"RFP","Airpore Medium 1"
"8339",5,929.728,64.904,15,174,2,695,2082,"RFP","Airpore Medium 2"
"8340",6,4123.441,41.229,0,144,2,695,2082,"RFP","Background"
"8341",1,929.728,2.475,0,20,1,696,2085,"CFP","Airpore Old 1"
"8342",2,929.728,5.42,0,35,1,696,2085,"CFP","Airpore Old 2"
"8343",3,929.728,3.368,0,23,1,696,2085,"CFP","Airpore Old 3"
"8344",4,929.728,7.032,0,27,1,696,2085,"CFP","Airpore Medium 1"
"8345",5,929.728,5.502,0,31,1,696,2085,"CFP","Airpore Medium 2"
"8346",6,4123.441,4.083,0,35,1,696,2085,"CFP","Background"
"8347",1,929.728,27.326,0,81,2,696,2085,"RFP","Airpore Old 1"
"8348",2,929.728,73.959,3,255,2,696,2085,"RFP","Airpore Old 2"
"8349",3,929.728,30.84,0,140,2,696,2085,"RFP","Airpore Old 3"
"8350",4,929.728,68.895,15,255,2,696,2085,"RFP","Airpore Medium 1"
"8351",5,929.728,65.168,15,177,2,696,2085,"RFP","Airpore Medium 2"
"8352",6,4123.441,40.948,0,152,2,696,2085,"RFP","Background"
"8353",1,929.728,2.488,0,15,1,697,2088,"CFP","Airpore Old 1"
"8354",2,929.728,5.484,0,31,1,697,2088,"CFP","Airpore Old 2"
"8355",3,929.728,3.332,0,31,1,697,2088,"CFP","Airpore Old 3"
"8356",4,929.728,7.203,0,30,1,697,2088,"CFP","Airpore Medium 1"
"8357",5,929.728,5.524,0,27,1,697,2088,"CFP","Airpore Medium 2"
"8358",6,4123.441,3.973,0,42,1,697,2088,"CFP","Background"
"8359",1,929.728,27.404,3,79,2,697,2088,"RFP","Airpore Old 1"
"8360",2,929.728,73.546,3,255,2,697,2088,"RFP","Airpore Old 2"
"8361",3,929.728,30.229,0,121,2,697,2088,"RFP","Airpore Old 3"
"8362",4,929.728,67.607,19,255,2,697,2088,"RFP","Airpore Medium 1"
"8363",5,929.728,64.796,19,170,2,697,2088,"RFP","Airpore Medium 2"
"8364",6,4123.441,40.722,3,139,2,697,2088,"RFP","Background"
"8365",1,929.728,2.515,0,19,1,698,2091,"CFP","Airpore Old 1"
"8366",2,929.728,5.454,0,35,1,698,2091,"CFP","Airpore Old 2"
"8367",3,929.728,3.404,0,25,1,698,2091,"CFP","Airpore Old 3"
"8368",4,929.728,7.22,0,45,1,698,2091,"CFP","Airpore Medium 1"
"8369",5,929.728,5.52,0,31,1,698,2091,"CFP","Airpore Medium 2"
"8370",6,4123.441,4.099,0,31,1,698,2091,"CFP","Background"
"8371",1,929.728,27.734,3,87,2,698,2091,"RFP","Airpore Old 1"
"8372",2,929.728,74.368,7,255,2,698,2091,"RFP","Airpore Old 2"
"8373",3,929.728,30.43,3,124,2,698,2091,"RFP","Airpore Old 3"
"8374",4,929.728,68.82,11,255,2,698,2091,"RFP","Airpore Medium 1"
"8375",5,929.728,64.758,15,180,2,698,2091,"RFP","Airpore Medium 2"
"8376",6,4123.441,40.779,0,145,2,698,2091,"RFP","Background"
"8377",1,929.728,2.692,0,24,1,699,2094,"CFP","Airpore Old 1"
"8378",2,929.728,5.419,0,36,1,699,2094,"CFP","Airpore Old 2"
"8379",3,929.728,3.268,0,24,1,699,2094,"CFP","Airpore Old 3"
"8380",4,929.728,7.101,0,31,1,699,2094,"CFP","Airpore Medium 1"
"8381",5,929.728,5.517,0,39,1,699,2094,"CFP","Airpore Medium 2"
"8382",6,4123.441,4.133,0,34,1,699,2094,"CFP","Background"
"8383",1,929.728,26.991,3,76,2,699,2094,"RFP","Airpore Old 1"
"8384",2,929.728,73.945,3,255,2,699,2094,"RFP","Airpore Old 2"
"8385",3,929.728,29.95,3,126,2,699,2094,"RFP","Airpore Old 3"
"8386",4,929.728,67.754,15,255,2,699,2094,"RFP","Airpore Medium 1"
"8387",5,929.728,64.483,7,174,2,699,2094,"RFP","Airpore Medium 2"
"8388",6,4123.441,40.565,3,151,2,699,2094,"RFP","Background"
"8389",1,929.728,2.426,0,19,1,700,2097,"CFP","Airpore Old 1"
"8390",2,929.728,5.295,0,31,1,700,2097,"CFP","Airpore Old 2"
"8391",3,929.728,3.31,0,27,1,700,2097,"CFP","Airpore Old 3"
"8392",4,929.728,7.02,0,27,1,700,2097,"CFP","Airpore Medium 1"
"8393",5,929.728,5.562,0,27,1,700,2097,"CFP","Airpore Medium 2"
"8394",6,4123.441,4.048,0,31,1,700,2097,"CFP","Background"
"8395",1,929.728,27.532,0,93,2,700,2097,"RFP","Airpore Old 1"
"8396",2,929.728,73.901,7,255,2,700,2097,"RFP","Airpore Old 2"
"8397",3,929.728,30.052,0,132,2,700,2097,"RFP","Airpore Old 3"
"8398",4,929.728,67.385,15,255,2,700,2097,"RFP","Airpore Medium 1"
"8399",5,929.728,64.3,15,183,2,700,2097,"RFP","Airpore Medium 2"
"8400",6,4123.441,40.565,0,165,2,700,2097,"RFP","Background"
"8401",1,929.728,2.415,0,19,1,701,2100,"CFP","Airpore Old 1"
"8402",2,929.728,5.392,0,31,1,701,2100,"CFP","Airpore Old 2"
"8403",3,929.728,3.234,0,27,1,701,2100,"CFP","Airpore Old 3"
"8404",4,929.728,7.06,0,31,1,701,2100,"CFP","Airpore Medium 1"
"8405",5,929.728,5.631,0,31,1,701,2100,"CFP","Airpore Medium 2"
"8406",6,4123.441,4.068,0,35,1,701,2100,"CFP","Background"
"8407",1,929.728,26.838,0,71,2,701,2100,"RFP","Airpore Old 1"
"8408",2,929.728,73.169,7,255,2,701,2100,"RFP","Airpore Old 2"
"8409",3,929.728,30.219,0,120,2,701,2100,"RFP","Airpore Old 3"
"8410",4,929.728,68.076,12,255,2,701,2100,"RFP","Airpore Medium 1"
"8411",5,929.728,65.045,7,164,2,701,2100,"RFP","Airpore Medium 2"
"8412",6,4123.441,40.563,0,143,2,701,2100,"RFP","Background"
"8413",1,929.728,2.501,0,19,1,702,2103,"CFP","Airpore Old 1"
"8414",2,929.728,5.501,0,35,1,702,2103,"CFP","Airpore Old 2"
"8415",3,929.728,3.401,0,23,1,702,2103,"CFP","Airpore Old 3"
"8416",4,929.728,7.128,0,31,1,702,2103,"CFP","Airpore Medium 1"
"8417",5,929.728,5.608,0,34,1,702,2103,"CFP","Airpore Medium 2"
"8418",6,4123.441,4.053,0,31,1,702,2103,"CFP","Background"
"8419",1,929.728,27.34,0,80,2,702,2103,"RFP","Airpore Old 1"
"8420",2,929.728,74.35,11,255,2,702,2103,"RFP","Airpore Old 2"
"8421",3,929.728,30.525,0,150,2,702,2103,"RFP","Airpore Old 3"
"8422",4,929.728,67.989,16,255,2,702,2103,"RFP","Airpore Medium 1"
"8423",5,929.728,65.947,12,167,2,702,2103,"RFP","Airpore Medium 2"
"8424",6,4123.441,40.63,3,143,2,702,2103,"RFP","Background"
"8425",1,929.728,2.637,0,20,1,703,2106,"CFP","Airpore Old 1"
"8426",2,929.728,5.425,0,31,1,703,2106,"CFP","Airpore Old 2"
"8427",3,929.728,3.326,0,27,1,703,2106,"CFP","Airpore Old 3"
"8428",4,929.728,7.177,0,31,1,703,2106,"CFP","Airpore Medium 1"
"8429",5,929.728,5.731,0,24,1,703,2106,"CFP","Airpore Medium 2"
"8430",6,4123.441,4.099,0,32,1,703,2106,"CFP","Background"
"8431",1,929.728,27.434,3,76,2,703,2106,"RFP","Airpore Old 1"
"8432",2,929.728,73.625,3,255,2,703,2106,"RFP","Airpore Old 2"
"8433",3,929.728,30.951,0,127,2,703,2106,"RFP","Airpore Old 3"
"8434",4,929.728,69.027,19,255,2,703,2106,"RFP","Airpore Medium 1"
"8435",5,929.728,65.062,15,162,2,703,2106,"RFP","Airpore Medium 2"
"8436",6,4123.441,40.645,0,134,2,703,2106,"RFP","Background"
"8437",1,929.728,2.349,0,16,1,704,2109,"CFP","Airpore Old 1"
"8438",2,929.728,5.544,0,27,1,704,2109,"CFP","Airpore Old 2"
"8439",3,929.728,3.314,0,27,1,704,2109,"CFP","Airpore Old 3"
"8440",4,929.728,7.369,0,35,1,704,2109,"CFP","Airpore Medium 1"
"8441",5,929.728,5.645,0,35,1,704,2109,"CFP","Airpore Medium 2"
"8442",6,4123.441,4.061,0,33,1,704,2109,"CFP","Background"
"8443",1,929.728,26.907,3,85,2,704,2109,"RFP","Airpore Old 1"
"8444",2,929.728,73.135,7,255,2,704,2109,"RFP","Airpore Old 2"
"8445",3,929.728,30.594,0,132,2,704,2109,"RFP","Airpore Old 3"
"8446",4,929.728,68.112,15,255,2,704,2109,"RFP","Airpore Medium 1"
"8447",5,929.728,64.886,12,167,2,704,2109,"RFP","Airpore Medium 2"
"8448",6,4123.441,40.377,3,151,2,704,2109,"RFP","Background"
"8449",1,929.728,2.438,0,26,1,705,2112,"CFP","Airpore Old 1"
"8450",2,929.728,5.504,0,28,1,705,2112,"CFP","Airpore Old 2"
"8451",3,929.728,3.337,0,27,1,705,2112,"CFP","Airpore Old 3"
"8452",4,929.728,7.215,0,36,1,705,2112,"CFP","Airpore Medium 1"
"8453",5,929.728,5.853,0,27,1,705,2112,"CFP","Airpore Medium 2"
"8454",6,4123.441,4.073,0,29,1,705,2112,"CFP","Background"
"8455",1,929.728,27.046,0,84,2,705,2112,"RFP","Airpore Old 1"
"8456",2,929.728,74.277,11,255,2,705,2112,"RFP","Airpore Old 2"
"8457",3,929.728,30.607,0,136,2,705,2112,"RFP","Airpore Old 3"
"8458",4,929.728,68.212,15,255,2,705,2112,"RFP","Airpore Medium 1"
"8459",5,929.728,65.143,15,161,2,705,2112,"RFP","Airpore Medium 2"
"8460",6,4123.441,40.611,3,146,2,705,2112,"RFP","Background"
"8461",1,929.728,2.6,0,24,1,706,2115,"CFP","Airpore Old 1"
"8462",2,929.728,5.435,0,31,1,706,2115,"CFP","Airpore Old 2"
"8463",3,929.728,3.432,0,40,1,706,2115,"CFP","Airpore Old 3"
"8464",4,929.728,7.371,0,32,1,706,2115,"CFP","Airpore Medium 1"
"8465",5,929.728,5.547,0,31,1,706,2115,"CFP","Airpore Medium 2"
"8466",6,4123.441,4.058,0,27,1,706,2115,"CFP","Background"
"8467",1,929.728,27.104,0,87,2,706,2115,"RFP","Airpore Old 1"
"8468",2,929.728,74.298,11,255,2,706,2115,"RFP","Airpore Old 2"
"8469",3,929.728,30.405,0,139,2,706,2115,"RFP","Airpore Old 3"
"8470",4,929.728,68.349,19,255,2,706,2115,"RFP","Airpore Medium 1"
"8471",5,929.728,65.498,19,178,2,706,2115,"RFP","Airpore Medium 2"
"8472",6,4123.441,40.492,0,170,2,706,2115,"RFP","Background"
"8473",1,929.728,2.413,0,24,1,707,2118,"CFP","Airpore Old 1"
"8474",2,929.728,5.172,0,33,1,707,2118,"CFP","Airpore Old 2"
"8475",3,929.728,3.43,0,44,1,707,2118,"CFP","Airpore Old 3"
"8476",4,929.728,7.193,0,31,1,707,2118,"CFP","Airpore Medium 1"
"8477",5,929.728,5.574,0,27,1,707,2118,"CFP","Airpore Medium 2"
"8478",6,4123.441,4.045,0,32,1,707,2118,"CFP","Background"
"8479",1,929.728,27.067,0,75,2,707,2118,"RFP","Airpore Old 1"
"8480",2,929.728,73.396,8,255,2,707,2118,"RFP","Airpore Old 2"
"8481",3,929.728,30.476,3,124,2,707,2118,"RFP","Airpore Old 3"
"8482",4,929.728,68.216,19,255,2,707,2118,"RFP","Airpore Medium 1"
"8483",5,929.728,65.38,15,192,2,707,2118,"RFP","Airpore Medium 2"
"8484",6,4123.441,40.05,0,144,2,707,2118,"RFP","Background"
"8485",1,929.728,2.541,0,24,1,708,2121,"CFP","Airpore Old 1"
"8486",2,929.728,5.342,0,35,1,708,2121,"CFP","Airpore Old 2"
"8487",3,929.728,3.43,0,27,1,708,2121,"CFP","Airpore Old 3"
"8488",4,929.728,7.312,0,27,1,708,2121,"CFP","Airpore Medium 1"
"8489",5,929.728,5.386,0,31,1,708,2121,"CFP","Airpore Medium 2"
"8490",6,4123.441,4.034,0,31,1,708,2121,"CFP","Background"
"8491",1,929.728,26.917,3,77,2,708,2121,"RFP","Airpore Old 1"
"8492",2,929.728,72.979,11,255,2,708,2121,"RFP","Airpore Old 2"
"8493",3,929.728,30.778,0,145,2,708,2121,"RFP","Airpore Old 3"
"8494",4,929.728,68.24,15,255,2,708,2121,"RFP","Airpore Medium 1"
"8495",5,929.728,64.938,15,186,2,708,2121,"RFP","Airpore Medium 2"
"8496",6,4123.441,40.314,0,161,2,708,2121,"RFP","Background"
"8497",1,929.728,2.41,0,42,1,709,2124,"CFP","Airpore Old 1"
"8498",2,929.728,5.299,0,35,1,709,2124,"CFP","Airpore Old 2"
"8499",3,929.728,3.435,0,31,1,709,2124,"CFP","Airpore Old 3"
"8500",4,929.728,7.436,0,31,1,709,2124,"CFP","Airpore Medium 1"
"8501",5,929.728,5.803,0,35,1,709,2124,"CFP","Airpore Medium 2"
"8502",6,4123.441,3.992,0,34,1,709,2124,"CFP","Background"
"8503",1,929.728,26.966,0,79,2,709,2124,"RFP","Airpore Old 1"
"8504",2,929.728,72.762,3,255,2,709,2124,"RFP","Airpore Old 2"
"8505",3,929.728,30.347,0,128,2,709,2124,"RFP","Airpore Old 3"
"8506",4,929.728,68.39,15,255,2,709,2124,"RFP","Airpore Medium 1"
"8507",5,929.728,65.28,15,187,2,709,2124,"RFP","Airpore Medium 2"
"8508",6,4123.441,40.098,0,180,2,709,2124,"RFP","Background"
"8509",1,929.728,2.488,0,20,1,710,2127,"CFP","Airpore Old 1"
"8510",2,929.728,5.394,0,36,1,710,2127,"CFP","Airpore Old 2"
"8511",3,929.728,3.448,0,23,1,710,2127,"CFP","Airpore Old 3"
"8512",4,929.728,7.187,0,31,1,710,2127,"CFP","Airpore Medium 1"
"8513",5,929.728,5.653,0,33,1,710,2127,"CFP","Airpore Medium 2"
"8514",6,4123.441,4.046,0,27,1,710,2127,"CFP","Background"
"8515",1,929.728,26.408,0,85,2,710,2127,"RFP","Airpore Old 1"
"8516",2,929.728,72.368,7,255,2,710,2127,"RFP","Airpore Old 2"
"8517",3,929.728,30.645,0,123,2,710,2127,"RFP","Airpore Old 3"
"8518",4,929.728,68.124,15,255,2,710,2127,"RFP","Airpore Medium 1"
"8519",5,929.728,66.073,15,174,2,710,2127,"RFP","Airpore Medium 2"
"8520",6,4123.441,40.138,0,140,2,710,2127,"RFP","Background"
"8521",1,929.728,2.421,0,32,1,711,2130,"CFP","Airpore Old 1"
"8522",2,929.728,5.378,0,31,1,711,2130,"CFP","Airpore Old 2"
"8523",3,929.728,3.485,0,30,1,711,2130,"CFP","Airpore Old 3"
"8524",4,929.728,7.227,0,35,1,711,2130,"CFP","Airpore Medium 1"
"8525",5,929.728,5.648,0,38,1,711,2130,"CFP","Airpore Medium 2"
"8526",6,4123.441,3.986,0,24,1,711,2130,"CFP","Background"
"8527",1,929.728,26.823,0,72,2,711,2130,"RFP","Airpore Old 1"
"8528",2,929.728,72.516,7,255,2,711,2130,"RFP","Airpore Old 2"
"8529",3,929.728,30.953,0,146,2,711,2130,"RFP","Airpore Old 3"
"8530",4,929.728,67.932,12,255,2,711,2130,"RFP","Airpore Medium 1"
"8531",5,929.728,64.989,15,191,2,711,2130,"RFP","Airpore Medium 2"
"8532",6,4123.441,40.208,3,200,2,711,2130,"RFP","Background"
"8533",1,929.728,2.396,0,16,1,712,2133,"CFP","Airpore Old 1"
"8534",2,929.728,5.29,0,27,1,712,2133,"CFP","Airpore Old 2"
"8535",3,929.728,3.279,0,30,1,712,2133,"CFP","Airpore Old 3"
"8536",4,929.728,7.307,0,47,1,712,2133,"CFP","Airpore Medium 1"
"8537",5,929.728,5.681,0,40,1,712,2133,"CFP","Airpore Medium 2"
"8538",6,4123.441,4.061,0,27,1,712,2133,"CFP","Background"
"8539",1,929.728,26.955,0,80,2,712,2133,"RFP","Airpore Old 1"
"8540",2,929.728,72.802,3,255,2,712,2133,"RFP","Airpore Old 2"
"8541",3,929.728,29.85,0,129,2,712,2133,"RFP","Airpore Old 3"
"8542",4,929.728,66.521,15,255,2,712,2133,"RFP","Airpore Medium 1"
"8543",5,929.728,64.399,11,193,2,712,2133,"RFP","Airpore Medium 2"
"8544",6,4123.441,39.702,3,135,2,712,2133,"RFP","Background"
"8545",1,929.728,2.501,0,19,1,713,2136,"CFP","Airpore Old 1"
"8546",2,929.728,5.4,0,31,1,713,2136,"CFP","Airpore Old 2"
"8547",3,929.728,3.472,0,28,1,713,2136,"CFP","Airpore Old 3"
"8548",4,929.728,7.128,0,27,1,713,2136,"CFP","Airpore Medium 1"
"8549",5,929.728,5.686,0,39,1,713,2136,"CFP","Airpore Medium 2"
"8550",6,4123.441,3.997,0,28,1,713,2136,"CFP","Background"
"8551",1,929.728,26.443,0,136,2,713,2136,"RFP","Airpore Old 1"
"8552",2,929.728,72.687,7,255,2,713,2136,"RFP","Airpore Old 2"
"8553",3,929.728,30.456,0,127,2,713,2136,"RFP","Airpore Old 3"
"8554",4,929.728,67.811,15,255,2,713,2136,"RFP","Airpore Medium 1"
"8555",5,929.728,64.534,15,161,2,713,2136,"RFP","Airpore Medium 2"
"8556",6,4123.441,39.962,0,154,2,713,2136,"RFP","Background"
"8557",1,929.728,2.342,0,16,1,714,2139,"CFP","Airpore Old 1"
"8558",2,929.728,5.199,0,27,1,714,2139,"CFP","Airpore Old 2"
"8559",3,929.728,3.48,0,23,1,714,2139,"CFP","Airpore Old 3"
"8560",4,929.728,7.128,0,32,1,714,2139,"CFP","Airpore Medium 1"
"8561",5,929.728,5.616,0,31,1,714,2139,"CFP","Airpore Medium 2"
"8562",6,4123.441,4.026,0,31,1,714,2139,"CFP","Background"
"8563",1,929.728,26.747,0,75,2,714,2139,"RFP","Airpore Old 1"
"8564",2,929.728,71.291,8,255,2,714,2139,"RFP","Airpore Old 2"
"8565",3,929.728,30.562,0,149,2,714,2139,"RFP","Airpore Old 3"
"8566",4,929.728,67.339,15,255,2,714,2139,"RFP","Airpore Medium 1"
"8567",5,929.728,64.917,15,171,2,714,2139,"RFP","Airpore Medium 2"
"8568",6,4123.441,39.735,0,141,2,714,2139,"RFP","Background"
"8569",1,929.728,2.345,0,15,1,715,2142,"CFP","Airpore Old 1"
"8570",2,929.728,5.302,0,40,1,715,2142,"CFP","Airpore Old 2"
"8571",3,929.728,3.211,0,24,1,715,2142,"CFP","Airpore Old 3"
"8572",4,929.728,7.362,0,39,1,715,2142,"CFP","Airpore Medium 1"
"8573",5,929.728,5.561,0,31,1,715,2142,"CFP","Airpore Medium 2"
"8574",6,4123.441,4.07,0,32,1,715,2142,"CFP","Background"
"8575",1,929.728,26.642,3,87,2,715,2142,"RFP","Airpore Old 1"
"8576",2,929.728,72.062,7,255,2,715,2142,"RFP","Airpore Old 2"
"8577",3,929.728,29.847,0,119,2,715,2142,"RFP","Airpore Old 3"
"8578",4,929.728,67.868,19,255,2,715,2142,"RFP","Airpore Medium 1"
"8579",5,929.728,64.838,11,167,2,715,2142,"RFP","Airpore Medium 2"
"8580",6,4123.441,39.606,0,146,2,715,2142,"RFP","Background"
"8581",1,929.728,2.402,0,16,1,716,2145,"CFP","Airpore Old 1"
"8582",2,929.728,5.373,0,31,1,716,2145,"CFP","Airpore Old 2"
"8583",3,929.728,3.436,0,27,1,716,2145,"CFP","Airpore Old 3"
"8584",4,929.728,7.158,0,31,1,716,2145,"CFP","Airpore Medium 1"
"8585",5,929.728,5.477,0,27,1,716,2145,"CFP","Airpore Medium 2"
"8586",6,4123.441,3.992,0,27,1,716,2145,"CFP","Background"
"8587",1,929.728,26.891,0,87,2,716,2145,"RFP","Airpore Old 1"
"8588",2,929.728,71.211,3,255,2,716,2145,"RFP","Airpore Old 2"
"8589",3,929.728,30.199,0,137,2,716,2145,"RFP","Airpore Old 3"
"8590",4,929.728,67.865,19,255,2,716,2145,"RFP","Airpore Medium 1"
"8591",5,929.728,65.21,12,179,2,716,2145,"RFP","Airpore Medium 2"
"8592",6,4123.441,39.767,0,160,2,716,2145,"RFP","Background"
"8593",1,929.728,2.461,0,20,1,717,2148,"CFP","Airpore Old 1"
"8594",2,929.728,5.376,0,32,1,717,2148,"CFP","Airpore Old 2"
"8595",3,929.728,3.439,0,36,1,717,2148,"CFP","Airpore Old 3"
"8596",4,929.728,7.3,0,31,1,717,2148,"CFP","Airpore Medium 1"
"8597",5,929.728,5.729,0,24,1,717,2148,"CFP","Airpore Medium 2"
"8598",6,4123.441,3.917,0,38,1,717,2148,"CFP","Background"
"8599",1,929.728,27.21,3,76,2,717,2148,"RFP","Airpore Old 1"
"8600",2,929.728,72.457,7,255,2,717,2148,"RFP","Airpore Old 2"
"8601",3,929.728,30.205,0,135,2,717,2148,"RFP","Airpore Old 3"
"8602",4,929.728,67.753,15,255,2,717,2148,"RFP","Airpore Medium 1"
"8603",5,929.728,65.781,11,186,2,717,2148,"RFP","Airpore Medium 2"
"8604",6,4123.441,39.81,0,138,2,717,2148,"RFP","Background"
"8605",1,929.728,2.362,0,19,1,718,2151,"CFP","Airpore Old 1"
"8606",2,929.728,5.33,0,35,1,718,2151,"CFP","Airpore Old 2"
"8607",3,929.728,3.523,0,43,1,718,2151,"CFP","Airpore Old 3"
"8608",4,929.728,7.19,0,27,1,718,2151,"CFP","Airpore Medium 1"
"8609",5,929.728,5.436,0,29,1,718,2151,"CFP","Airpore Medium 2"
"8610",6,4123.441,3.944,0,27,1,718,2151,"CFP","Background"
"8611",1,929.728,26.985,3,84,2,718,2151,"RFP","Airpore Old 1"
"8612",2,929.728,71.633,7,255,2,718,2151,"RFP","Airpore Old 2"
"8613",3,929.728,29.995,0,143,2,718,2151,"RFP","Airpore Old 3"
"8614",4,929.728,67.802,12,255,2,718,2151,"RFP","Airpore Medium 1"
"8615",5,929.728,64.68,19,178,2,718,2151,"RFP","Airpore Medium 2"
"8616",6,4123.441,39.943,3,128,2,718,2151,"RFP","Background"
"8617",1,929.728,2.47,0,19,1,719,2154,"CFP","Airpore Old 1"
"8618",2,929.728,5.312,0,34,1,719,2154,"CFP","Airpore Old 2"
"8619",3,929.728,3.372,0,31,1,719,2154,"CFP","Airpore Old 3"
"8620",4,929.728,7.137,0,31,1,719,2154,"CFP","Airpore Medium 1"
"8621",5,929.728,5.635,0,27,1,719,2154,"CFP","Airpore Medium 2"
"8622",6,4123.441,4.069,0,27,1,719,2154,"CFP","Background"
"8623",1,929.728,26.339,0,68,2,719,2154,"RFP","Airpore Old 1"
"8624",2,929.728,71.646,11,255,2,719,2154,"RFP","Airpore Old 2"
"8625",3,929.728,30.594,0,147,2,719,2154,"RFP","Airpore Old 3"
"8626",4,929.728,68.01,15,255,2,719,2154,"RFP","Airpore Medium 1"
"8627",5,929.728,65.656,19,178,2,719,2154,"RFP","Airpore Medium 2"
"8628",6,4123.441,39.669,3,131,2,719,2154,"RFP","Background"
"8629",1,929.728,2.58,0,19,1,720,2157,"CFP","Airpore Old 1"
"8630",2,929.728,5.484,0,35,1,720,2157,"CFP","Airpore Old 2"
"8631",3,929.728,3.429,0,31,1,720,2157,"CFP","Airpore Old 3"
"8632",4,929.728,7.215,0,34,1,720,2157,"CFP","Airpore Medium 1"
"8633",5,929.728,5.617,0,27,1,720,2157,"CFP","Airpore Medium 2"
"8634",6,4123.441,3.966,0,28,1,720,2157,"CFP","Background"
"8635",1,929.728,26.58,0,94,2,720,2157,"RFP","Airpore Old 1"
"8636",2,929.728,72.588,3,255,2,720,2157,"RFP","Airpore Old 2"
"8637",3,929.728,30.902,3,135,2,720,2157,"RFP","Airpore Old 3"
"8638",4,929.728,68.04,12,255,2,720,2157,"RFP","Airpore Medium 1"
"8639",5,929.728,65.549,12,190,2,720,2157,"RFP","Airpore Medium 2"
"8640",6,4123.441,39.79,0,133,2,720,2157,"RFP","Background"
"8641",1,929.728,2.337,0,16,1,721,2160,"CFP","Airpore Old 1"
"8642",2,929.728,5.398,0,36,1,721,2160,"CFP","Airpore Old 2"
"8643",3,929.728,3.326,0,27,1,721,2160,"CFP","Airpore Old 3"
"8644",4,929.728,7.064,0,31,1,721,2160,"CFP","Airpore Medium 1"
"8645",5,929.728,5.604,0,24,1,721,2160,"CFP","Airpore Medium 2"
"8646",6,4123.441,3.965,0,28,1,721,2160,"CFP","Background"
"8647",1,929.728,26.97,0,79,2,721,2160,"RFP","Airpore Old 1"
"8648",2,929.728,72.591,3,255,2,721,2160,"RFP","Airpore Old 2"
"8649",3,929.728,29.943,0,127,2,721,2160,"RFP","Airpore Old 3"
"8650",4,929.728,67.744,7,255,2,721,2160,"RFP","Airpore Medium 1"
"8651",5,929.728,65.378,15,180,2,721,2160,"RFP","Airpore Medium 2"
"8652",6,4123.441,39.568,3,191,2,721,2160,"RFP","Background"
"8653",1,929.728,2.279,0,19,1,722,2163,"CFP","Airpore Old 1"
"8654",2,929.728,5.098,0,27,1,722,2163,"CFP","Airpore Old 2"
"8655",3,929.728,3.408,0,27,1,722,2163,"CFP","Airpore Old 3"
"8656",4,929.728,7.341,0,31,1,722,2163,"CFP","Airpore Medium 1"
"8657",5,929.728,5.711,0,24,1,722,2163,"CFP","Airpore Medium 2"
"8658",6,4123.441,3.932,0,31,1,722,2163,"CFP","Background"
"8659",1,929.728,26.582,0,87,2,722,2163,"RFP","Airpore Old 1"
"8660",2,929.728,72.844,7,255,2,722,2163,"RFP","Airpore Old 2"
"8661",3,929.728,30.378,3,145,2,722,2163,"RFP","Airpore Old 3"
"8662",4,929.728,68.509,12,255,2,722,2163,"RFP","Airpore Medium 1"
"8663",5,929.728,65.292,15,183,2,722,2163,"RFP","Airpore Medium 2"
"8664",6,4123.441,39.68,0,147,2,722,2163,"RFP","Background"
"8665",1,929.728,2.325,0,24,1,723,2166,"CFP","Airpore Old 1"
"8666",2,929.728,5.391,0,31,1,723,2166,"CFP","Airpore Old 2"
"8667",3,929.728,3.564,0,23,1,723,2166,"CFP","Airpore Old 3"
"8668",4,929.728,6.987,0,31,1,723,2166,"CFP","Airpore Medium 1"
"8669",5,929.728,5.519,0,31,1,723,2166,"CFP","Airpore Medium 2"
"8670",6,4123.441,4.014,0,28,1,723,2166,"CFP","Background"
"8671",1,929.728,26.755,3,160,2,723,2166,"RFP","Airpore Old 1"
"8672",2,929.728,71.483,3,255,2,723,2166,"RFP","Airpore Old 2"
"8673",3,929.728,30.067,0,170,2,723,2166,"RFP","Airpore Old 3"
"8674",4,929.728,68.012,12,255,2,723,2166,"RFP","Airpore Medium 1"
"8675",5,929.728,64.928,12,185,2,723,2166,"RFP","Airpore Medium 2"
"8676",6,4123.441,39.639,0,146,2,723,2166,"RFP","Background"
"8677",1,929.728,2.449,0,19,1,724,2169,"CFP","Airpore Old 1"
"8678",2,929.728,5.281,0,31,1,724,2169,"CFP","Airpore Old 2"
"8679",3,929.728,3.452,0,23,1,724,2169,"CFP","Airpore Old 3"
"8680",4,929.728,6.93,0,31,1,724,2169,"CFP","Airpore Medium 1"
"8681",5,929.728,5.676,0,31,1,724,2169,"CFP","Airpore Medium 2"
"8682",6,4123.441,3.985,0,27,1,724,2169,"CFP","Background"
"8683",1,929.728,26.891,3,72,2,724,2169,"RFP","Airpore Old 1"
"8684",2,929.728,72.762,11,255,2,724,2169,"RFP","Airpore Old 2"
"8685",3,929.728,30.847,0,122,2,724,2169,"RFP","Airpore Old 3"
"8686",4,929.728,67.598,12,255,2,724,2169,"RFP","Airpore Medium 1"
"8687",5,929.728,65.781,19,202,2,724,2169,"RFP","Airpore Medium 2"
"8688",6,4123.441,39.808,0,125,2,724,2169,"RFP","Background"
"8689",1,929.728,2.473,0,16,1,725,2172,"CFP","Airpore Old 1"
"8690",2,929.728,5.127,0,31,1,725,2172,"CFP","Airpore Old 2"
"8691",3,929.728,3.332,0,23,1,725,2172,"CFP","Airpore Old 3"
"8692",4,929.728,7.566,0,38,1,725,2172,"CFP","Airpore Medium 1"
"8693",5,929.728,5.756,0,42,1,725,2172,"CFP","Airpore Medium 2"
"8694",6,4123.441,4.007,0,36,1,725,2172,"CFP","Background"
"8695",1,929.728,26.367,0,83,2,725,2172,"RFP","Airpore Old 1"
"8696",2,929.728,72.328,8,255,2,725,2172,"RFP","Airpore Old 2"
"8697",3,929.728,30.495,0,123,2,725,2172,"RFP","Airpore Old 3"
"8698",4,929.728,66.661,15,255,2,725,2172,"RFP","Airpore Medium 1"
"8699",5,929.728,64.717,16,190,2,725,2172,"RFP","Airpore Medium 2"
"8700",6,4123.441,39.832,0,208,2,725,2172,"RFP","Background"
"8701",1,929.728,2.365,0,16,1,726,2175,"CFP","Airpore Old 1"
"8702",2,929.728,5.523,0,43,1,726,2175,"CFP","Airpore Old 2"
"8703",3,929.728,3.357,0,24,1,726,2175,"CFP","Airpore Old 3"
"8704",4,929.728,7.078,0,31,1,726,2175,"CFP","Airpore Medium 1"
"8705",5,929.728,5.517,0,31,1,726,2175,"CFP","Airpore Medium 2"
"8706",6,4123.441,3.968,0,28,1,726,2175,"CFP","Background"
"8707",1,929.728,26.721,0,123,2,726,2175,"RFP","Airpore Old 1"
"8708",2,929.728,71.883,8,255,2,726,2175,"RFP","Airpore Old 2"
"8709",3,929.728,30.375,0,127,2,726,2175,"RFP","Airpore Old 3"
"8710",4,929.728,66.959,15,255,2,726,2175,"RFP","Airpore Medium 1"
"8711",5,929.728,65.638,15,176,2,726,2175,"RFP","Airpore Medium 2"
"8712",6,4123.441,39.419,0,123,2,726,2175,"RFP","Background"
"8713",1,929.728,2.377,0,30,1,727,2178,"CFP","Airpore Old 1"
"8714",2,929.728,5.338,0,54,1,727,2178,"CFP","Airpore Old 2"
"8715",3,929.728,3.486,0,23,1,727,2178,"CFP","Airpore Old 3"
"8716",4,929.728,7.143,0,32,1,727,2178,"CFP","Airpore Medium 1"
"8717",5,929.728,5.562,0,32,1,727,2178,"CFP","Airpore Medium 2"
"8718",6,4123.441,4.007,0,40,1,727,2178,"CFP","Background"
"8719",1,929.728,25.882,3,79,2,727,2178,"RFP","Airpore Old 1"
"8720",2,929.728,70.575,0,255,2,727,2178,"RFP","Airpore Old 2"
"8721",3,929.728,30.303,0,122,2,727,2178,"RFP","Airpore Old 3"
"8722",4,929.728,68.292,15,255,2,727,2178,"RFP","Airpore Medium 1"
"8723",5,929.728,65.138,15,196,2,727,2178,"RFP","Airpore Medium 2"
"8724",6,4123.441,39.274,0,135,2,727,2178,"RFP","Background"
"8725",1,929.728,2.296,0,20,1,728,2181,"CFP","Airpore Old 1"
"8726",2,929.728,5.182,0,40,1,728,2181,"CFP","Airpore Old 2"
"8727",3,929.728,3.295,0,23,1,728,2181,"CFP","Airpore Old 3"
"8728",4,929.728,7.307,0,31,1,728,2181,"CFP","Airpore Medium 1"
"8729",5,929.728,5.741,0,27,1,728,2181,"CFP","Airpore Medium 2"
"8730",6,4123.441,4.043,0,35,1,728,2181,"CFP","Background"
"8731",1,929.728,26.509,3,77,2,728,2181,"RFP","Airpore Old 1"
"8732",2,929.728,72.585,11,255,2,728,2181,"RFP","Airpore Old 2"
"8733",3,929.728,29.98,0,143,2,728,2181,"RFP","Airpore Old 3"
"8734",4,929.728,67.552,15,255,2,728,2181,"RFP","Airpore Medium 1"
"8735",5,929.728,65.486,15,178,2,728,2181,"RFP","Airpore Medium 2"
"8736",6,4123.441,39.445,3,148,2,728,2181,"RFP","Background"
"8737",1,929.728,2.453,0,24,1,729,2184,"CFP","Airpore Old 1"
"8738",2,929.728,5.121,0,35,1,729,2184,"CFP","Airpore Old 2"
"8739",3,929.728,3.282,0,24,1,729,2184,"CFP","Airpore Old 3"
"8740",4,929.728,7.054,0,27,1,729,2184,"CFP","Airpore Medium 1"
"8741",5,929.728,5.455,0,35,1,729,2184,"CFP","Airpore Medium 2"
"8742",6,4123.441,4.045,0,27,1,729,2184,"CFP","Background"
"8743",1,929.728,26.082,3,84,2,729,2184,"RFP","Airpore Old 1"
"8744",2,929.728,72.038,7,255,2,729,2184,"RFP","Airpore Old 2"
"8745",3,929.728,30.4,0,145,2,729,2184,"RFP","Airpore Old 3"
"8746",4,929.728,67.271,11,255,2,729,2184,"RFP","Airpore Medium 1"
"8747",5,929.728,65.694,15,165,2,729,2184,"RFP","Airpore Medium 2"
"8748",6,4123.441,39.501,0,167,2,729,2184,"RFP","Background"
"8749",1,929.728,2.434,0,15,1,730,2187,"CFP","Airpore Old 1"
"8750",2,929.728,5.132,0,27,1,730,2187,"CFP","Airpore Old 2"
"8751",3,929.728,3.322,0,24,1,730,2187,"CFP","Airpore Old 3"
"8752",4,929.728,7.319,0,35,1,730,2187,"CFP","Airpore Medium 1"
"8753",5,929.728,5.627,0,27,1,730,2187,"CFP","Airpore Medium 2"
"8754",6,4123.441,3.918,0,32,1,730,2187,"CFP","Background"
"8755",1,929.728,25.839,3,78,2,730,2187,"RFP","Airpore Old 1"
"8756",2,929.728,71.384,8,255,2,730,2187,"RFP","Airpore Old 2"
"8757",3,929.728,30.064,0,142,2,730,2187,"RFP","Airpore Old 3"
"8758",4,929.728,68.284,15,255,2,730,2187,"RFP","Airpore Medium 1"
"8759",5,929.728,65.502,8,167,2,730,2187,"RFP","Airpore Medium 2"
"8760",6,4123.441,39.358,0,127,2,730,2187,"RFP","Background"
"8761",1,929.728,2.456,0,19,1,731,2190,"CFP","Airpore Old 1"
"8762",2,929.728,5.44,0,31,1,731,2190,"CFP","Airpore Old 2"
"8763",3,929.728,3.349,0,32,1,731,2190,"CFP","Airpore Old 3"
"8764",4,929.728,7.211,0,35,1,731,2190,"CFP","Airpore Medium 1"
"8765",5,929.728,5.652,0,24,1,731,2190,"CFP","Airpore Medium 2"
"8766",6,4123.441,3.888,0,27,1,731,2190,"CFP","Background"
"8767",1,929.728,26.583,3,76,2,731,2190,"RFP","Airpore Old 1"
"8768",2,929.728,72.022,11,255,2,731,2190,"RFP","Airpore Old 2"
"8769",3,929.728,29.6,0,120,2,731,2190,"RFP","Airpore Old 3"
"8770",4,929.728,67.997,11,255,2,731,2190,"RFP","Airpore Medium 1"
"8771",5,929.728,65.626,15,234,2,731,2190,"RFP","Airpore Medium 2"
"8772",6,4123.441,39.532,0,146,2,731,2190,"RFP","Background"
"8773",1,929.728,2.293,0,19,1,732,2193,"CFP","Airpore Old 1"
"8774",2,929.728,5.571,0,35,1,732,2193,"CFP","Airpore Old 2"
"8775",3,929.728,3.415,0,27,1,732,2193,"CFP","Airpore Old 3"
"8776",4,929.728,7.1,0,31,1,732,2193,"CFP","Airpore Medium 1"
"8777",5,929.728,5.736,0,31,1,732,2193,"CFP","Airpore Medium 2"
"8778",6,4123.441,3.988,0,39,1,732,2193,"CFP","Background"
"8779",1,929.728,26.007,3,79,2,732,2193,"RFP","Airpore Old 1"
"8780",2,929.728,71.869,7,255,2,732,2193,"RFP","Airpore Old 2"
"8781",3,929.728,30.439,0,173,2,732,2193,"RFP","Airpore Old 3"
"8782",4,929.728,67.747,11,255,2,732,2193,"RFP","Airpore Medium 1"
"8783",5,929.728,65.533,11,193,2,732,2193,"RFP","Airpore Medium 2"
"8784",6,4123.441,39.433,0,119,2,732,2193,"RFP","Background"
"8785",1,929.728,2.388,0,27,1,733,2196,"CFP","Airpore Old 1"
"8786",2,929.728,5.321,0,31,1,733,2196,"CFP","Airpore Old 2"
"8787",3,929.728,3.448,0,24,1,733,2196,"CFP","Airpore Old 3"
"8788",4,929.728,7.126,0,35,1,733,2196,"CFP","Airpore Medium 1"
"8789",5,929.728,5.486,0,31,1,733,2196,"CFP","Airpore Medium 2"
"8790",6,4123.441,3.955,0,40,1,733,2196,"CFP","Background"
"8791",1,929.728,26.263,3,68,2,733,2196,"RFP","Airpore Old 1"
"8792",2,929.728,72.354,7,255,2,733,2196,"RFP","Airpore Old 2"
"8793",3,929.728,30.281,0,118,2,733,2196,"RFP","Airpore Old 3"
"8794",4,929.728,68.018,19,255,2,733,2196,"RFP","Airpore Medium 1"
"8795",5,929.728,65.505,19,171,2,733,2196,"RFP","Airpore Medium 2"
"8796",6,4123.441,39.62,0,139,2,733,2196,"RFP","Background"
"8797",1,929.728,2.289,0,16,1,734,2199,"CFP","Airpore Old 1"
"8798",2,929.728,5.258,0,27,1,734,2199,"CFP","Airpore Old 2"
"8799",3,929.728,3.386,0,27,1,734,2199,"CFP","Airpore Old 3"
"8800",4,929.728,7.2,0,43,1,734,2199,"CFP","Airpore Medium 1"
"8801",5,929.728,5.614,0,23,1,734,2199,"CFP","Airpore Medium 2"
"8802",6,4123.441,3.922,0,31,1,734,2199,"CFP","Background"
"8803",1,929.728,26.454,0,115,2,734,2199,"RFP","Airpore Old 1"
"8804",2,929.728,72.238,3,255,2,734,2199,"RFP","Airpore Old 2"
"8805",3,929.728,30.157,3,130,2,734,2199,"RFP","Airpore Old 3"
"8806",4,929.728,68.386,15,255,2,734,2199,"RFP","Airpore Medium 1"
"8807",5,929.728,65.415,11,192,2,734,2199,"RFP","Airpore Medium 2"
"8808",6,4123.441,39.688,0,127,2,734,2199,"RFP","Background"
"8809",1,929.728,2.388,0,19,1,735,2202,"CFP","Airpore Old 1"
"8810",2,929.728,5.344,0,35,1,735,2202,"CFP","Airpore Old 2"
"8811",3,929.728,3.276,0,34,1,735,2202,"CFP","Airpore Old 3"
"8812",4,929.728,7.208,0,40,1,735,2202,"CFP","Airpore Medium 1"
"8813",5,929.728,5.7,0,24,1,735,2202,"CFP","Airpore Medium 2"
"8814",6,4123.441,3.894,0,27,1,735,2202,"CFP","Background"
"8815",1,929.728,26.558,3,73,2,735,2202,"RFP","Airpore Old 1"
"8816",2,929.728,71.532,8,255,2,735,2202,"RFP","Airpore Old 2"
"8817",3,929.728,30.076,0,131,2,735,2202,"RFP","Airpore Old 3"
"8818",4,929.728,67.596,15,255,2,735,2202,"RFP","Airpore Medium 1"
"8819",5,929.728,65.904,11,190,2,735,2202,"RFP","Airpore Medium 2"
"8820",6,4123.441,39.672,0,185,2,735,2202,"RFP","Background"
"8821",1,929.728,2.371,0,15,1,736,2205,"CFP","Airpore Old 1"
"8822",2,929.728,5.247,0,31,1,736,2205,"CFP","Airpore Old 2"
"8823",3,929.728,3.384,0,23,1,736,2205,"CFP","Airpore Old 3"
"8824",4,929.728,7.319,0,31,1,736,2205,"CFP","Airpore Medium 1"
"8825",5,929.728,5.61,0,49,1,736,2205,"CFP","Airpore Medium 2"
"8826",6,4123.441,3.938,0,38,1,736,2205,"CFP","Background"
"8827",1,929.728,27.016,3,68,2,736,2205,"RFP","Airpore Old 1"
"8828",2,929.728,72.267,11,255,2,736,2205,"RFP","Airpore Old 2"
"8829",3,929.728,30.421,0,139,2,736,2205,"RFP","Airpore Old 3"
"8830",4,929.728,68.095,11,255,2,736,2205,"RFP","Airpore Medium 1"
"8831",5,929.728,66.357,12,207,2,736,2205,"RFP","Airpore Medium 2"
"8832",6,4123.441,39.766,3,182,2,736,2205,"RFP","Background"
"8833",1,929.728,2.371,0,19,1,737,2208,"CFP","Airpore Old 1"
"8834",2,929.728,5.183,0,47,1,737,2208,"CFP","Airpore Old 2"
"8835",3,929.728,3.274,0,35,1,737,2208,"CFP","Airpore Old 3"
"8836",4,929.728,7.277,0,31,1,737,2208,"CFP","Airpore Medium 1"
"8837",5,929.728,5.8,0,32,1,737,2208,"CFP","Airpore Medium 2"
"8838",6,4123.441,3.97,0,39,1,737,2208,"CFP","Background"
"8839",1,929.728,26.378,3,157,2,737,2208,"RFP","Airpore Old 1"
"8840",2,929.728,72.158,11,255,2,737,2208,"RFP","Airpore Old 2"
"8841",3,929.728,30.684,0,127,2,737,2208,"RFP","Airpore Old 3"
"8842",4,929.728,68.378,19,255,2,737,2208,"RFP","Airpore Medium 1"
"8843",5,929.728,66.172,7,210,2,737,2208,"RFP","Airpore Medium 2"
"8844",6,4123.441,40.141,0,138,2,737,2208,"RFP","Background"
"8845",1,929.728,2.511,0,27,1,738,2211,"CFP","Airpore Old 1"
"8846",2,929.728,5.452,0,27,1,738,2211,"CFP","Airpore Old 2"
"8847",3,929.728,3.229,0,24,1,738,2211,"CFP","Airpore Old 3"
"8848",4,929.728,7.321,0,27,1,738,2211,"CFP","Airpore Medium 1"
"8849",5,929.728,5.685,0,28,1,738,2211,"CFP","Airpore Medium 2"
"8850",6,4123.441,3.88,0,39,1,738,2211,"CFP","Background"
"8851",1,929.728,26.398,3,71,2,738,2211,"RFP","Airpore Old 1"
"8852",2,929.728,72.73,7,255,2,738,2211,"RFP","Airpore Old 2"
"8853",3,929.728,30.197,0,132,2,738,2211,"RFP","Airpore Old 3"
"8854",4,929.728,68.326,15,255,2,738,2211,"RFP","Airpore Medium 1"
"8855",5,929.728,65.626,15,193,2,738,2211,"RFP","Airpore Medium 2"
"8856",6,4123.441,40.011,0,139,2,738,2211,"RFP","Background"
"8857",1,929.728,2.495,0,19,1,739,2214,"CFP","Airpore Old 1"
"8858",2,929.728,5.317,0,32,1,739,2214,"CFP","Airpore Old 2"
"8859",3,929.728,3.497,0,35,1,739,2214,"CFP","Airpore Old 3"
"8860",4,929.728,7.195,0,34,1,739,2214,"CFP","Airpore Medium 1"
"8861",5,929.728,5.523,0,27,1,739,2214,"CFP","Airpore Medium 2"
"8862",6,4123.441,4.071,0,40,1,739,2214,"CFP","Background"
"8863",1,929.728,26.985,0,77,2,739,2214,"RFP","Airpore Old 1"
"8864",2,929.728,72.078,7,255,2,739,2214,"RFP","Airpore Old 2"
"8865",3,929.728,30.263,0,143,2,739,2214,"RFP","Airpore Old 3"
"8866",4,929.728,67.995,11,255,2,739,2214,"RFP","Airpore Medium 1"
"8867",5,929.728,65.586,15,197,2,739,2214,"RFP","Airpore Medium 2"
"8868",6,4123.441,40.291,0,192,2,739,2214,"RFP","Background"
"8869",1,929.728,2.487,0,20,1,740,2217,"CFP","Airpore Old 1"
"8870",2,929.728,5.407,0,43,1,740,2217,"CFP","Airpore Old 2"
"8871",3,929.728,3.428,0,31,1,740,2217,"CFP","Airpore Old 3"
"8872",4,929.728,7.24,0,31,1,740,2217,"CFP","Airpore Medium 1"
"8873",5,929.728,5.763,0,41,1,740,2217,"CFP","Airpore Medium 2"
"8874",6,4123.441,4.019,0,30,1,740,2217,"CFP","Background"
"8875",1,929.728,26.363,3,72,2,740,2217,"RFP","Airpore Old 1"
"8876",2,929.728,72.78,3,255,2,740,2217,"RFP","Airpore Old 2"
"8877",3,929.728,29.915,0,122,2,740,2217,"RFP","Airpore Old 3"
"8878",4,929.728,68.472,11,255,2,740,2217,"RFP","Airpore Medium 1"
"8879",5,929.728,65.511,15,177,2,740,2217,"RFP","Airpore Medium 2"
"8880",6,4123.441,39.801,0,135,2,740,2217,"RFP","Background"
"8881",1,929.728,2.419,0,23,1,741,2220,"CFP","Airpore Old 1"
"8882",2,929.728,5.303,0,31,1,741,2220,"CFP","Airpore Old 2"
"8883",3,929.728,3.43,0,27,1,741,2220,"CFP","Airpore Old 3"
"8884",4,929.728,7.192,0,31,1,741,2220,"CFP","Airpore Medium 1"
"8885",5,929.728,5.566,0,23,1,741,2220,"CFP","Airpore Medium 2"
"8886",6,4123.441,3.888,0,35,1,741,2220,"CFP","Background"
"8887",1,929.728,26.445,0,84,2,741,2220,"RFP","Airpore Old 1"
"8888",2,929.728,72.113,8,255,2,741,2220,"RFP","Airpore Old 2"
"8889",3,929.728,30.29,0,134,2,741,2220,"RFP","Airpore Old 3"
"8890",4,929.728,67.912,15,255,2,741,2220,"RFP","Airpore Medium 1"
"8891",5,929.728,66.235,19,216,2,741,2220,"RFP","Airpore Medium 2"
"8892",6,4123.441,40.004,0,165,2,741,2220,"RFP","Background"
"8893",1,929.728,2.363,0,15,1,742,2223,"CFP","Airpore Old 1"
"8894",2,929.728,5.358,0,27,1,742,2223,"CFP","Airpore Old 2"
"8895",3,929.728,3.467,0,42,1,742,2223,"CFP","Airpore Old 3"
"8896",4,929.728,7.165,0,31,1,742,2223,"CFP","Airpore Medium 1"
"8897",5,929.728,5.673,0,67,1,742,2223,"CFP","Airpore Medium 2"
"8898",6,4123.441,3.962,0,27,1,742,2223,"CFP","Background"
"8899",1,929.728,27.101,0,166,2,742,2223,"RFP","Airpore Old 1"
"8900",2,929.728,72.884,0,255,2,742,2223,"RFP","Airpore Old 2"
"8901",3,929.728,30.491,0,131,2,742,2223,"RFP","Airpore Old 3"
"8902",4,929.728,67.323,12,255,2,742,2223,"RFP","Airpore Medium 1"
"8903",5,929.728,65.21,15,196,2,742,2223,"RFP","Airpore Medium 2"
"8904",6,4123.441,39.197,0,130,2,742,2223,"RFP","Background"
"8905",1,929.728,2.587,0,24,1,743,2226,"CFP","Airpore Old 1"
"8906",2,929.728,5.103,0,32,1,743,2226,"CFP","Airpore Old 2"
"8907",3,929.728,3.426,0,27,1,743,2226,"CFP","Airpore Old 3"
"8908",4,929.728,6.998,0,31,1,743,2226,"CFP","Airpore Medium 1"
"8909",5,929.728,5.536,0,24,1,743,2226,"CFP","Airpore Medium 2"
"8910",6,4123.441,3.993,0,36,1,743,2226,"CFP","Background"
"8911",1,929.728,26.279,0,76,2,743,2226,"RFP","Airpore Old 1"
"8912",2,929.728,72.208,7,255,2,743,2226,"RFP","Airpore Old 2"
"8913",3,929.728,30.661,0,144,2,743,2226,"RFP","Airpore Old 3"
"8914",4,929.728,67.21,15,255,2,743,2226,"RFP","Airpore Medium 1"
"8915",5,929.728,65.942,16,177,2,743,2226,"RFP","Airpore Medium 2"
"8916",6,4123.441,39.391,0,135,2,743,2226,"RFP","Background"
"8917",1,929.728,2.451,0,19,1,744,2229,"CFP","Airpore Old 1"
"8918",2,929.728,5.308,0,39,1,744,2229,"CFP","Airpore Old 2"
"8919",3,929.728,3.431,0,23,1,744,2229,"CFP","Airpore Old 3"
"8920",4,929.728,7.183,0,34,1,744,2229,"CFP","Airpore Medium 1"
"8921",5,929.728,5.66,0,31,1,744,2229,"CFP","Airpore Medium 2"
"8922",6,4123.441,3.915,0,32,1,744,2229,"CFP","Background"
"8923",1,929.728,26.481,3,88,2,744,2229,"RFP","Airpore Old 1"
"8924",2,929.728,72.11,8,255,2,744,2229,"RFP","Airpore Old 2"
"8925",3,929.728,30.897,0,142,2,744,2229,"RFP","Airpore Old 3"
"8926",4,929.728,67.635,15,255,2,744,2229,"RFP","Airpore Medium 1"
"8927",5,929.728,64.707,15,182,2,744,2229,"RFP","Airpore Medium 2"
"8928",6,4123.441,39.199,0,152,2,744,2229,"RFP","Background"
"8929",1,929.728,2.496,0,19,1,745,2232,"CFP","Airpore Old 1"
"8930",2,929.728,5.444,0,31,1,745,2232,"CFP","Airpore Old 2"
"8931",3,929.728,3.343,0,30,1,745,2232,"CFP","Airpore Old 3"
"8932",4,929.728,7.088,0,27,1,745,2232,"CFP","Airpore Medium 1"
"8933",5,929.728,5.818,0,31,1,745,2232,"CFP","Airpore Medium 2"
"8934",6,4123.441,3.97,0,32,1,745,2232,"CFP","Background"
"8935",1,929.728,26.27,0,72,2,745,2232,"RFP","Airpore Old 1"
"8936",2,929.728,71.685,11,255,2,745,2232,"RFP","Airpore Old 2"
"8937",3,929.728,30.287,0,145,2,745,2232,"RFP","Airpore Old 3"
"8938",4,929.728,68.296,19,255,2,745,2232,"RFP","Airpore Medium 1"
"8939",5,929.728,65.156,15,203,2,745,2232,"RFP","Airpore Medium 2"
"8940",6,4123.441,39.567,3,145,2,745,2232,"RFP","Background"
"8941",1,929.728,2.403,0,19,1,746,2235,"CFP","Airpore Old 1"
"8942",2,929.728,5.38,0,35,1,746,2235,"CFP","Airpore Old 2"
"8943",3,929.728,3.418,0,31,1,746,2235,"CFP","Airpore Old 3"
"8944",4,929.728,7.074,0,42,1,746,2235,"CFP","Airpore Medium 1"
"8945",5,929.728,5.603,0,29,1,746,2235,"CFP","Airpore Medium 2"
"8946",6,4123.441,3.965,0,46,1,746,2235,"CFP","Background"
"8947",1,929.728,26.599,0,79,2,746,2235,"RFP","Airpore Old 1"
"8948",2,929.728,71.523,7,255,2,746,2235,"RFP","Airpore Old 2"
"8949",3,929.728,29.963,0,139,2,746,2235,"RFP","Airpore Old 3"
"8950",4,929.728,68.271,15,255,2,746,2235,"RFP","Airpore Medium 1"
"8951",5,929.728,66.032,12,196,2,746,2235,"RFP","Airpore Medium 2"
"8952",6,4123.441,39.281,3,127,2,746,2235,"RFP","Background"
"8953",1,929.728,2.377,0,16,1,747,2238,"CFP","Airpore Old 1"
"8954",2,929.728,5.206,0,35,1,747,2238,"CFP","Airpore Old 2"
"8955",3,929.728,3.446,0,27,1,747,2238,"CFP","Airpore Old 3"
"8956",4,929.728,7.195,0,31,1,747,2238,"CFP","Airpore Medium 1"
"8957",5,929.728,5.595,0,27,1,747,2238,"CFP","Airpore Medium 2"
"8958",6,4123.441,3.903,0,31,1,747,2238,"CFP","Background"
"8959",1,929.728,25.989,0,84,2,747,2238,"RFP","Airpore Old 1"
"8960",2,929.728,71.137,3,255,2,747,2238,"RFP","Airpore Old 2"
"8961",3,929.728,30.51,0,135,2,747,2238,"RFP","Airpore Old 3"
"8962",4,929.728,67.779,19,255,2,747,2238,"RFP","Airpore Medium 1"
"8963",5,929.728,65.758,19,179,2,747,2238,"RFP","Airpore Medium 2"
"8964",6,4123.441,39.377,0,130,2,747,2238,"RFP","Background"
"8965",1,929.728,2.494,0,24,1,748,2241,"CFP","Airpore Old 1"
"8966",2,929.728,5.307,0,27,1,748,2241,"CFP","Airpore Old 2"
"8967",3,929.728,3.333,0,27,1,748,2241,"CFP","Airpore Old 3"
"8968",4,929.728,7.285,0,31,1,748,2241,"CFP","Airpore Medium 1"
"8969",5,929.728,5.68,0,27,1,748,2241,"CFP","Airpore Medium 2"
"8970",6,4123.441,3.916,0,28,1,748,2241,"CFP","Background"
"8971",1,929.728,26.546,3,76,2,748,2241,"RFP","Airpore Old 1"
"8972",2,929.728,72.325,7,243,2,748,2241,"RFP","Airpore Old 2"
"8973",3,929.728,30.049,0,134,2,748,2241,"RFP","Airpore Old 3"
"8974",4,929.728,67.781,12,255,2,748,2241,"RFP","Airpore Medium 1"
"8975",5,929.728,65.473,12,189,2,748,2241,"RFP","Airpore Medium 2"
"8976",6,4123.441,39.305,0,123,2,748,2241,"RFP","Background"
"8977",1,929.728,2.363,0,19,1,749,2244,"CFP","Airpore Old 1"
"8978",2,929.728,5.297,0,34,1,749,2244,"CFP","Airpore Old 2"
"8979",3,929.728,3.322,0,27,1,749,2244,"CFP","Airpore Old 3"
"8980",4,929.728,6.891,0,34,1,749,2244,"CFP","Airpore Medium 1"
"8981",5,929.728,5.758,0,31,1,749,2244,"CFP","Airpore Medium 2"
"8982",6,4123.441,3.85,0,27,1,749,2244,"CFP","Background"
"8983",1,929.728,25.811,0,72,2,749,2244,"RFP","Airpore Old 1"
"8984",2,929.728,71.643,7,255,2,749,2244,"RFP","Airpore Old 2"
"8985",3,929.728,30.331,0,136,2,749,2244,"RFP","Airpore Old 3"
"8986",4,929.728,67.816,15,255,2,749,2244,"RFP","Airpore Medium 1"
"8987",5,929.728,65.457,15,193,2,749,2244,"RFP","Airpore Medium 2"
"8988",6,4123.441,39.152,0,143,2,749,2244,"RFP","Background"
"8989",1,929.728,2.365,0,30,1,750,2247,"CFP","Airpore Old 1"
"8990",2,929.728,5.142,0,35,1,750,2247,"CFP","Airpore Old 2"
"8991",3,929.728,3.432,0,23,1,750,2247,"CFP","Airpore Old 3"
"8992",4,929.728,7.094,0,39,1,750,2247,"CFP","Airpore Medium 1"
"8993",5,929.728,5.491,0,23,1,750,2247,"CFP","Airpore Medium 2"
"8994",6,4123.441,3.886,0,27,1,750,2247,"CFP","Background"
"8995",1,929.728,26.387,3,80,2,750,2247,"RFP","Airpore Old 1"
"8996",2,929.728,71.21,8,255,2,750,2247,"RFP","Airpore Old 2"
"8997",3,929.728,30.408,0,135,2,750,2247,"RFP","Airpore Old 3"
"8998",4,929.728,67.496,15,255,2,750,2247,"RFP","Airpore Medium 1"
"8999",5,929.728,66.145,19,176,2,750,2247,"RFP","Airpore Medium 2"
"9000",6,4123.441,38.388,0,177,2,750,2247,"RFP","Background"
"9001",1,929.728,2.387,0,21,1,751,2250,"CFP","Airpore Old 1"
"9002",2,929.728,5.543,0,39,1,751,2250,"CFP","Airpore Old 2"
"9003",3,929.728,3.463,0,23,1,751,2250,"CFP","Airpore Old 3"
"9004",4,929.728,7.156,0,25,1,751,2250,"CFP","Airpore Medium 1"
"9005",5,929.728,5.493,0,23,1,751,2250,"CFP","Airpore Medium 2"
"9006",6,4123.441,3.875,0,31,1,751,2250,"CFP","Background"
"9007",1,929.728,26.012,3,80,2,751,2250,"RFP","Airpore Old 1"
"9008",2,929.728,71.323,7,255,2,751,2250,"RFP","Airpore Old 2"
"9009",3,929.728,30.313,0,130,2,751,2250,"RFP","Airpore Old 3"
"9010",4,929.728,68.436,19,255,2,751,2250,"RFP","Airpore Medium 1"
"9011",5,929.728,65.46,15,179,2,751,2250,"RFP","Airpore Medium 2"
"9012",6,4123.441,39.115,3,124,2,751,2250,"RFP","Background"
"9013",1,929.728,2.477,0,15,1,752,2253,"CFP","Airpore Old 1"
"9014",2,929.728,5.087,0,35,1,752,2253,"CFP","Airpore Old 2"
"9015",3,929.728,3.313,0,23,1,752,2253,"CFP","Airpore Old 3"
"9016",4,929.728,7.402,0,27,1,752,2253,"CFP","Airpore Medium 1"
"9017",5,929.728,5.589,0,27,1,752,2253,"CFP","Airpore Medium 2"
"9018",6,4123.441,3.872,0,38,1,752,2253,"CFP","Background"
"9019",1,929.728,25.708,3,76,2,752,2253,"RFP","Airpore Old 1"
"9020",2,929.728,70.636,3,255,2,752,2253,"RFP","Airpore Old 2"
"9021",3,929.728,29.917,0,121,2,752,2253,"RFP","Airpore Old 3"
"9022",4,929.728,67.082,15,255,2,752,2253,"RFP","Airpore Medium 1"
"9023",5,929.728,65.526,15,197,2,752,2253,"RFP","Airpore Medium 2"
"9024",6,4123.441,39.135,0,138,2,752,2253,"RFP","Background"
"9025",1,929.728,2.351,0,20,1,753,2256,"CFP","Airpore Old 1"
"9026",2,929.728,5.119,0,43,1,753,2256,"CFP","Airpore Old 2"
"9027",3,929.728,3.418,0,31,1,753,2256,"CFP","Airpore Old 3"
"9028",4,929.728,7.256,0,52,1,753,2256,"CFP","Airpore Medium 1"
"9029",5,929.728,5.736,0,27,1,753,2256,"CFP","Airpore Medium 2"
"9030",6,4123.441,3.843,0,31,1,753,2256,"CFP","Background"
"9031",1,929.728,25.561,3,80,2,753,2256,"RFP","Airpore Old 1"
"9032",2,929.728,70.998,7,255,2,753,2256,"RFP","Airpore Old 2"
"9033",3,929.728,30.737,0,144,2,753,2256,"RFP","Airpore Old 3"
"9034",4,929.728,67.549,15,255,2,753,2256,"RFP","Airpore Medium 1"
"9035",5,929.728,65.849,11,227,2,753,2256,"RFP","Airpore Medium 2"
"9036",6,4123.441,38.851,0,125,2,753,2256,"RFP","Background"
"9037",1,929.728,2.473,0,19,1,754,2259,"CFP","Airpore Old 1"
"9038",2,929.728,5.318,0,43,1,754,2259,"CFP","Airpore Old 2"
"9039",3,929.728,3.345,0,27,1,754,2259,"CFP","Airpore Old 3"
"9040",4,929.728,7.135,0,31,1,754,2259,"CFP","Airpore Medium 1"
"9041",5,929.728,5.589,0,25,1,754,2259,"CFP","Airpore Medium 2"
"9042",6,4123.441,3.793,0,41,1,754,2259,"CFP","Background"
"9043",1,929.728,25.893,0,84,2,754,2259,"RFP","Airpore Old 1"
"9044",2,929.728,69.824,8,255,2,754,2259,"RFP","Airpore Old 2"
"9045",3,929.728,29.707,0,140,2,754,2259,"RFP","Airpore Old 3"
"9046",4,929.728,67.564,19,255,2,754,2259,"RFP","Airpore Medium 1"
"9047",5,929.728,65.782,19,191,2,754,2259,"RFP","Airpore Medium 2"
"9048",6,4123.441,38.529,0,130,2,754,2259,"RFP","Background"
"9049",1,929.728,2.381,0,28,1,755,2262,"CFP","Airpore Old 1"
"9050",2,929.728,5.105,0,27,1,755,2262,"CFP","Airpore Old 2"
"9051",3,929.728,3.479,0,27,1,755,2262,"CFP","Airpore Old 3"
"9052",4,929.728,7.465,0,35,1,755,2262,"CFP","Airpore Medium 1"
"9053",5,929.728,5.769,0,32,1,755,2262,"CFP","Airpore Medium 2"
"9054",6,4123.441,3.869,0,31,1,755,2262,"CFP","Background"
"9055",1,929.728,25.753,3,76,2,755,2262,"RFP","Airpore Old 1"
"9056",2,929.728,70.086,7,255,2,755,2262,"RFP","Airpore Old 2"
"9057",3,929.728,30.673,0,137,2,755,2262,"RFP","Airpore Old 3"
"9058",4,929.728,68.2,15,255,2,755,2262,"RFP","Airpore Medium 1"
"9059",5,929.728,65.698,15,186,2,755,2262,"RFP","Airpore Medium 2"
"9060",6,4123.441,38.348,0,132,2,755,2262,"RFP","Background"
"9061",1,929.728,2.292,0,19,1,756,2265,"CFP","Airpore Old 1"
"9062",2,929.728,5.15,0,31,1,756,2265,"CFP","Airpore Old 2"
"9063",3,929.728,3.381,0,24,1,756,2265,"CFP","Airpore Old 3"
"9064",4,929.728,7.051,0,35,1,756,2265,"CFP","Airpore Medium 1"
"9065",5,929.728,5.577,0,27,1,756,2265,"CFP","Airpore Medium 2"
"9066",6,4123.441,3.941,0,27,1,756,2265,"CFP","Background"
"9067",1,929.728,25.732,3,79,2,756,2265,"RFP","Airpore Old 1"
"9068",2,929.728,70.734,7,255,2,756,2265,"RFP","Airpore Old 2"
"9069",3,929.728,30.112,0,143,2,756,2265,"RFP","Airpore Old 3"
"9070",4,929.728,67.026,15,255,2,756,2265,"RFP","Airpore Medium 1"
"9071",5,929.728,65.956,15,207,2,756,2265,"RFP","Airpore Medium 2"
"9072",6,4123.441,38.631,0,167,2,756,2265,"RFP","Background"
"9073",1,929.728,2.274,0,19,1,757,2268,"CFP","Airpore Old 1"
"9074",2,929.728,5.2,0,31,1,757,2268,"CFP","Airpore Old 2"
"9075",3,929.728,3.4,0,23,1,757,2268,"CFP","Airpore Old 3"
"9076",4,929.728,7.216,0,43,1,757,2268,"CFP","Airpore Medium 1"
"9077",5,929.728,5.699,0,31,1,757,2268,"CFP","Airpore Medium 2"
"9078",6,4123.441,3.77,0,36,1,757,2268,"CFP","Background"
"9079",1,929.728,25.639,0,76,2,757,2268,"RFP","Airpore Old 1"
"9080",2,929.728,69.724,3,255,2,757,2268,"RFP","Airpore Old 2"
"9081",3,929.728,29.965,0,127,2,757,2268,"RFP","Airpore Old 3"
"9082",4,929.728,67.41,15,255,2,757,2268,"RFP","Airpore Medium 1"
"9083",5,929.728,65.376,7,216,2,757,2268,"RFP","Airpore Medium 2"
"9084",6,4123.441,38.303,0,120,2,757,2268,"RFP","Background"
"9085",1,929.728,2.539,0,15,1,758,2271,"CFP","Airpore Old 1"
"9086",2,929.728,5.061,0,31,1,758,2271,"CFP","Airpore Old 2"
"9087",3,929.728,3.475,0,31,1,758,2271,"CFP","Airpore Old 3"
"9088",4,929.728,6.902,0,39,1,758,2271,"CFP","Airpore Medium 1"
"9089",5,929.728,5.681,0,31,1,758,2271,"CFP","Airpore Medium 2"
"9090",6,4123.441,3.851,0,27,1,758,2271,"CFP","Background"
"9091",1,929.728,25.548,3,81,2,758,2271,"RFP","Airpore Old 1"
"9092",2,929.728,69.825,11,222,2,758,2271,"RFP","Airpore Old 2"
"9093",3,929.728,30.061,0,143,2,758,2271,"RFP","Airpore Old 3"
"9094",4,929.728,66.488,11,255,2,758,2271,"RFP","Airpore Medium 1"
"9095",5,929.728,65.686,15,199,2,758,2271,"RFP","Airpore Medium 2"
"9096",6,4123.441,38.132,0,132,2,758,2271,"RFP","Background"
"9097",1,929.728,2.369,0,15,1,759,2274,"CFP","Airpore Old 1"
"9098",2,929.728,5.193,0,36,1,759,2274,"CFP","Airpore Old 2"
"9099",3,929.728,3.376,0,24,1,759,2274,"CFP","Airpore Old 3"
"9100",4,929.728,7.193,0,43,1,759,2274,"CFP","Airpore Medium 1"
"9101",5,929.728,5.512,0,31,1,759,2274,"CFP","Airpore Medium 2"
"9102",6,4123.441,3.852,0,23,1,759,2274,"CFP","Background"
"9103",1,929.728,25.985,3,80,2,759,2274,"RFP","Airpore Old 1"
"9104",2,929.728,70.301,7,255,2,759,2274,"RFP","Airpore Old 2"
"9105",3,929.728,30.165,0,131,2,759,2274,"RFP","Airpore Old 3"
"9106",4,929.728,67.383,15,255,2,759,2274,"RFP","Airpore Medium 1"
"9107",5,929.728,65.266,16,182,2,759,2274,"RFP","Airpore Medium 2"
"9108",6,4123.441,38.603,3,146,2,759,2274,"RFP","Background"
"9109",1,929.728,2.444,0,28,1,760,2277,"CFP","Airpore Old 1"
"9110",2,929.728,5.006,0,31,1,760,2277,"CFP","Airpore Old 2"
"9111",3,929.728,3.303,0,23,1,760,2277,"CFP","Airpore Old 3"
"9112",4,929.728,7.139,0,28,1,760,2277,"CFP","Airpore Medium 1"
"9113",5,929.728,5.676,0,52,1,760,2277,"CFP","Airpore Medium 2"
"9114",6,4123.441,3.882,0,27,1,760,2277,"CFP","Background"
"9115",1,929.728,25.978,3,75,2,760,2277,"RFP","Airpore Old 1"
"9116",2,929.728,70.176,7,255,2,760,2277,"RFP","Airpore Old 2"
"9117",3,929.728,30.256,0,170,2,760,2277,"RFP","Airpore Old 3"
"9118",4,929.728,67.886,11,255,2,760,2277,"RFP","Airpore Medium 1"
"9119",5,929.728,65.493,15,174,2,760,2277,"RFP","Airpore Medium 2"
"9120",6,4123.441,38.559,3,134,2,760,2277,"RFP","Background"
"9121",1,929.728,2.533,0,16,1,761,2280,"CFP","Airpore Old 1"
"9122",2,929.728,5.132,0,27,1,761,2280,"CFP","Airpore Old 2"
"9123",3,929.728,3.53,0,31,1,761,2280,"CFP","Airpore Old 3"
"9124",4,929.728,7.395,0,31,1,761,2280,"CFP","Airpore Medium 1"
"9125",5,929.728,5.486,0,27,1,761,2280,"CFP","Airpore Medium 2"
"9126",6,4123.441,3.795,0,39,1,761,2280,"CFP","Background"
"9127",1,929.728,25.806,0,84,2,761,2280,"RFP","Airpore Old 1"
"9128",2,929.728,71.665,11,251,2,761,2280,"RFP","Airpore Old 2"
"9129",3,929.728,30.727,0,151,2,761,2280,"RFP","Airpore Old 3"
"9130",4,929.728,67.29,15,255,2,761,2280,"RFP","Airpore Medium 1"
"9131",5,929.728,65.766,11,213,2,761,2280,"RFP","Airpore Medium 2"
"9132",6,4123.441,38.607,3,148,2,761,2280,"RFP","Background"
"9133",1,929.728,2.289,0,19,1,762,2283,"CFP","Airpore Old 1"
"9134",2,929.728,5.192,0,31,1,762,2283,"CFP","Airpore Old 2"
"9135",3,929.728,3.204,0,31,1,762,2283,"CFP","Airpore Old 3"
"9136",4,929.728,7.056,0,50,1,762,2283,"CFP","Airpore Medium 1"
"9137",5,929.728,5.479,0,27,1,762,2283,"CFP","Airpore Medium 2"
"9138",6,4123.441,3.862,0,44,1,762,2283,"CFP","Background"
"9139",1,929.728,25.383,0,64,2,762,2283,"RFP","Airpore Old 1"
"9140",2,929.728,70.184,8,255,2,762,2283,"RFP","Airpore Old 2"
"9141",3,929.728,30.211,0,142,2,762,2283,"RFP","Airpore Old 3"
"9142",4,929.728,67.737,19,255,2,762,2283,"RFP","Airpore Medium 1"
"9143",5,929.728,65.627,11,195,2,762,2283,"RFP","Airpore Medium 2"
"9144",6,4123.441,38.44,3,174,2,762,2283,"RFP","Background"
"9145",1,929.728,2.489,0,16,1,763,2286,"CFP","Airpore Old 1"
"9146",2,929.728,4.951,0,35,1,763,2286,"CFP","Airpore Old 2"
"9147",3,929.728,3.307,0,27,1,763,2286,"CFP","Airpore Old 3"
"9148",4,929.728,7.116,0,27,1,763,2286,"CFP","Airpore Medium 1"
"9149",5,929.728,5.729,0,35,1,763,2286,"CFP","Airpore Medium 2"
"9150",6,4123.441,3.864,0,32,1,763,2286,"CFP","Background"
"9151",1,929.728,25.324,3,72,2,763,2286,"RFP","Airpore Old 1"
"9152",2,929.728,69.839,7,218,2,763,2286,"RFP","Airpore Old 2"
"9153",3,929.728,30.465,0,166,2,763,2286,"RFP","Airpore Old 3"
"9154",4,929.728,67.332,11,255,2,763,2286,"RFP","Airpore Medium 1"
"9155",5,929.728,65.889,15,177,2,763,2286,"RFP","Airpore Medium 2"
"9156",6,4123.441,38.103,0,125,2,763,2286,"RFP","Background"
"9157",1,929.728,2.417,0,24,1,764,2289,"CFP","Airpore Old 1"
"9158",2,929.728,5.091,0,31,1,764,2289,"CFP","Airpore Old 2"
"9159",3,929.728,3.444,0,31,1,764,2289,"CFP","Airpore Old 3"
"9160",4,929.728,7.084,0,31,1,764,2289,"CFP","Airpore Medium 1"
"9161",5,929.728,5.481,0,32,1,764,2289,"CFP","Airpore Medium 2"
"9162",6,4123.441,3.712,0,34,1,764,2289,"CFP","Background"
"9163",1,929.728,25.695,3,76,2,764,2289,"RFP","Airpore Old 1"
"9164",2,929.728,70.185,7,244,2,764,2289,"RFP","Airpore Old 2"
"9165",3,929.728,30.53,0,132,2,764,2289,"RFP","Airpore Old 3"
"9166",4,929.728,67.755,19,255,2,764,2289,"RFP","Airpore Medium 1"
"9167",5,929.728,65.994,15,182,2,764,2289,"RFP","Airpore Medium 2"
"9168",6,4123.441,38.665,0,165,2,764,2289,"RFP","Background"
"9169",1,929.728,2.31,0,20,1,765,2292,"CFP","Airpore Old 1"
"9170",2,929.728,5.174,0,39,1,765,2292,"CFP","Airpore Old 2"
"9171",3,929.728,3.305,0,27,1,765,2292,"CFP","Airpore Old 3"
"9172",4,929.728,7.242,0,35,1,765,2292,"CFP","Airpore Medium 1"
"9173",5,929.728,5.808,0,31,1,765,2292,"CFP","Airpore Medium 2"
"9174",6,4123.441,3.855,0,31,1,765,2292,"CFP","Background"
"9175",1,929.728,25.711,0,73,2,765,2292,"RFP","Airpore Old 1"
"9176",2,929.728,69.978,7,255,2,765,2292,"RFP","Airpore Old 2"
"9177",3,929.728,30.36,3,135,2,765,2292,"RFP","Airpore Old 3"
"9178",4,929.728,66.786,12,255,2,765,2292,"RFP","Airpore Medium 1"
"9179",5,929.728,65.87,19,186,2,765,2292,"RFP","Airpore Medium 2"
"9180",6,4123.441,38.25,0,128,2,765,2292,"RFP","Background"
"9181",1,929.728,2.297,0,24,1,766,2295,"CFP","Airpore Old 1"
"9182",2,929.728,5.271,0,31,1,766,2295,"CFP","Airpore Old 2"
"9183",3,929.728,3.509,0,24,1,766,2295,"CFP","Airpore Old 3"
"9184",4,929.728,7.034,0,31,1,766,2295,"CFP","Airpore Medium 1"
"9185",5,929.728,5.66,0,63,1,766,2295,"CFP","Airpore Medium 2"
"9186",6,4123.441,3.777,0,57,1,766,2295,"CFP","Background"
"9187",1,929.728,26.051,0,68,2,766,2295,"RFP","Airpore Old 1"
"9188",2,929.728,69.891,7,242,2,766,2295,"RFP","Airpore Old 2"
"9189",3,929.728,30.525,0,136,2,766,2295,"RFP","Airpore Old 3"
"9190",4,929.728,66.752,12,255,2,766,2295,"RFP","Airpore Medium 1"
"9191",5,929.728,65.488,19,192,2,766,2295,"RFP","Airpore Medium 2"
"9192",6,4123.441,38.099,0,135,2,766,2295,"RFP","Background"
"9193",1,929.728,2.247,0,19,1,767,2298,"CFP","Airpore Old 1"
"9194",2,929.728,5.116,0,35,1,767,2298,"CFP","Airpore Old 2"
"9195",3,929.728,3.376,0,23,1,767,2298,"CFP","Airpore Old 3"
"9196",4,929.728,7.11,0,27,1,767,2298,"CFP","Airpore Medium 1"
"9197",5,929.728,5.299,0,31,1,767,2298,"CFP","Airpore Medium 2"
"9198",6,4123.441,3.795,0,37,1,767,2298,"CFP","Background"
"9199",1,929.728,25.469,0,74,2,767,2298,"RFP","Airpore Old 1"
"9200",2,929.728,69.985,3,255,2,767,2298,"RFP","Airpore Old 2"
"9201",3,929.728,30.168,0,135,2,767,2298,"RFP","Airpore Old 3"
"9202",4,929.728,66.897,15,255,2,767,2298,"RFP","Airpore Medium 1"
"9203",5,929.728,65.907,15,226,2,767,2298,"RFP","Airpore Medium 2"
"9204",6,4123.441,38.084,0,132,2,767,2298,"RFP","Background"
"9205",1,929.728,2.328,0,16,1,768,2301,"CFP","Airpore Old 1"
"9206",2,929.728,5.114,0,35,1,768,2301,"CFP","Airpore Old 2"
"9207",3,929.728,3.35,0,27,1,768,2301,"CFP","Airpore Old 3"
"9208",4,929.728,6.982,0,35,1,768,2301,"CFP","Airpore Medium 1"
"9209",5,929.728,5.429,0,37,1,768,2301,"CFP","Airpore Medium 2"
"9210",6,4123.441,3.82,0,43,1,768,2301,"CFP","Background"
"9211",1,929.728,25.687,0,74,2,768,2301,"RFP","Airpore Old 1"
"9212",2,929.728,69.104,11,218,2,768,2301,"RFP","Airpore Old 2"
"9213",3,929.728,30.638,0,148,2,768,2301,"RFP","Airpore Old 3"
"9214",4,929.728,67.124,11,255,2,768,2301,"RFP","Airpore Medium 1"
"9215",5,929.728,65.232,15,197,2,768,2301,"RFP","Airpore Medium 2"
"9216",6,4123.441,37.937,0,130,2,768,2301,"RFP","Background"
"9217",1,929.728,2.348,0,20,1,769,2304,"CFP","Airpore Old 1"
"9218",2,929.728,5.065,0,40,1,769,2304,"CFP","Airpore Old 2"
"9219",3,929.728,3.302,0,27,1,769,2304,"CFP","Airpore Old 3"
"9220",4,929.728,7.182,0,35,1,769,2304,"CFP","Airpore Medium 1"
"9221",5,929.728,5.573,0,23,1,769,2304,"CFP","Airpore Medium 2"
"9222",6,4123.441,3.732,0,32,1,769,2304,"CFP","Background"
"9223",1,929.728,25.435,0,79,2,769,2304,"RFP","Airpore Old 1"
"9224",2,929.728,69.341,7,247,2,769,2304,"RFP","Airpore Old 2"
"9225",3,929.728,29.992,0,212,2,769,2304,"RFP","Airpore Old 3"
"9226",4,929.728,67.48,15,255,2,769,2304,"RFP","Airpore Medium 1"
"9227",5,929.728,65.82,19,169,2,769,2304,"RFP","Airpore Medium 2"
"9228",6,4123.441,38.029,3,155,2,769,2304,"RFP","Background"
"9229",1,929.728,2.248,0,19,1,770,2307,"CFP","Airpore Old 1"
"9230",2,929.728,4.803,0,31,1,770,2307,"CFP","Airpore Old 2"
"9231",3,929.728,3.444,0,31,1,770,2307,"CFP","Airpore Old 3"
"9232",4,929.728,7.143,0,52,1,770,2307,"CFP","Airpore Medium 1"
"9233",5,929.728,5.68,0,31,1,770,2307,"CFP","Airpore Medium 2"
"9234",6,4123.441,3.743,0,27,1,770,2307,"CFP","Background"
"9235",1,929.728,25.269,0,120,2,770,2307,"RFP","Airpore Old 1"
"9236",2,929.728,69.567,3,255,2,770,2307,"RFP","Airpore Old 2"
"9237",3,929.728,30.448,0,130,2,770,2307,"RFP","Airpore Old 3"
"9238",4,929.728,67.101,12,255,2,770,2307,"RFP","Airpore Medium 1"
"9239",5,929.728,66.548,19,203,2,770,2307,"RFP","Airpore Medium 2"
"9240",6,4123.441,37.789,0,168,2,770,2307,"RFP","Background"
"9241",1,929.728,2.227,0,20,1,771,2310,"CFP","Airpore Old 1"
"9242",2,929.728,4.888,0,35,1,771,2310,"CFP","Airpore Old 2"
"9243",3,929.728,3.295,0,31,1,771,2310,"CFP","Airpore Old 3"
"9244",4,929.728,7.166,0,38,1,771,2310,"CFP","Airpore Medium 1"
"9245",5,929.728,5.85,0,31,1,771,2310,"CFP","Airpore Medium 2"
"9246",6,4123.441,3.8,0,34,1,771,2310,"CFP","Background"
"9247",1,929.728,24.973,3,84,2,771,2310,"RFP","Airpore Old 1"
"9248",2,929.728,68.782,3,233,2,771,2310,"RFP","Airpore Old 2"
"9249",3,929.728,30.354,0,130,2,771,2310,"RFP","Airpore Old 3"
"9250",4,929.728,67.116,11,255,2,771,2310,"RFP","Airpore Medium 1"
"9251",5,929.728,65.53,15,181,2,771,2310,"RFP","Airpore Medium 2"
"9252",6,4123.441,37.581,0,128,2,771,2310,"RFP","Background"
"9253",1,929.728,2.291,0,15,1,772,2313,"CFP","Airpore Old 1"
"9254",2,929.728,5.043,0,36,1,772,2313,"CFP","Airpore Old 2"
"9255",3,929.728,3.362,0,23,1,772,2313,"CFP","Airpore Old 3"
"9256",4,929.728,7.096,0,31,1,772,2313,"CFP","Airpore Medium 1"
"9257",5,929.728,5.615,0,34,1,772,2313,"CFP","Airpore Medium 2"
"9258",6,4123.441,3.691,0,31,1,772,2313,"CFP","Background"
"9259",1,929.728,24.241,0,83,2,772,2313,"RFP","Airpore Old 1"
"9260",2,929.728,68.722,7,255,2,772,2313,"RFP","Airpore Old 2"
"9261",3,929.728,30.206,0,142,2,772,2313,"RFP","Airpore Old 3"
"9262",4,929.728,67.007,15,255,2,772,2313,"RFP","Airpore Medium 1"
"9263",5,929.728,66.049,15,179,2,772,2313,"RFP","Airpore Medium 2"
"9264",6,4123.441,37.456,0,130,2,772,2313,"RFP","Background"
"9265",1,929.728,2.345,0,21,1,773,2316,"CFP","Airpore Old 1"
"9266",2,929.728,5.163,0,31,1,773,2316,"CFP","Airpore Old 2"
"9267",3,929.728,3.311,0,27,1,773,2316,"CFP","Airpore Old 3"
"9268",4,929.728,7.276,0,27,1,773,2316,"CFP","Airpore Medium 1"
"9269",5,929.728,5.465,0,27,1,773,2316,"CFP","Airpore Medium 2"
"9270",6,4123.441,3.875,0,32,1,773,2316,"CFP","Background"
"9271",1,929.728,25.859,0,80,2,773,2316,"RFP","Airpore Old 1"
"9272",2,929.728,69.82,7,236,2,773,2316,"RFP","Airpore Old 2"
"9273",3,929.728,30.059,0,136,2,773,2316,"RFP","Airpore Old 3"
"9274",4,929.728,66.769,11,255,2,773,2316,"RFP","Airpore Medium 1"
"9275",5,929.728,64.936,15,175,2,773,2316,"RFP","Airpore Medium 2"
"9276",6,4123.441,37.404,0,124,2,773,2316,"RFP","Background"
"9277",1,929.728,2.434,0,24,1,774,2319,"CFP","Airpore Old 1"
"9278",2,929.728,5.168,0,27,1,774,2319,"CFP","Airpore Old 2"
"9279",3,929.728,3.362,0,23,1,774,2319,"CFP","Airpore Old 3"
"9280",4,929.728,7.341,0,41,1,774,2319,"CFP","Airpore Medium 1"
"9281",5,929.728,5.707,0,24,1,774,2319,"CFP","Airpore Medium 2"
"9282",6,4123.441,3.828,0,56,1,774,2319,"CFP","Background"
"9283",1,929.728,24.988,0,71,2,774,2319,"RFP","Airpore Old 1"
"9284",2,929.728,69.515,7,255,2,774,2319,"RFP","Airpore Old 2"
"9285",3,929.728,30.601,0,143,2,774,2319,"RFP","Airpore Old 3"
"9286",4,929.728,67.224,15,255,2,774,2319,"RFP","Airpore Medium 1"
"9287",5,929.728,66.184,15,175,2,774,2319,"RFP","Airpore Medium 2"
"9288",6,4123.441,37.766,0,131,2,774,2319,"RFP","Background"
"9289",1,929.728,2.271,0,24,1,775,2322,"CFP","Airpore Old 1"
"9290",2,929.728,5.142,0,31,1,775,2322,"CFP","Airpore Old 2"
"9291",3,929.728,3.319,0,24,1,775,2322,"CFP","Airpore Old 3"
"9292",4,929.728,6.988,0,28,1,775,2322,"CFP","Airpore Medium 1"
"9293",5,929.728,5.82,0,26,1,775,2322,"CFP","Airpore Medium 2"
"9294",6,4123.441,3.728,0,40,1,775,2322,"CFP","Background"
"9295",1,929.728,25.342,3,68,2,775,2322,"RFP","Airpore Old 1"
"9296",2,929.728,69.184,11,255,2,775,2322,"RFP","Airpore Old 2"
"9297",3,929.728,30.07,0,143,2,775,2322,"RFP","Airpore Old 3"
"9298",4,929.728,67.233,12,255,2,775,2322,"RFP","Airpore Medium 1"
"9299",5,929.728,66.181,15,200,2,775,2322,"RFP","Airpore Medium 2"
"9300",6,4123.441,37.669,0,149,2,775,2322,"RFP","Background"
"9301",1,929.728,2.29,0,15,1,776,2325,"CFP","Airpore Old 1"
"9302",2,929.728,5.109,0,43,1,776,2325,"CFP","Airpore Old 2"
"9303",3,929.728,3.509,0,31,1,776,2325,"CFP","Airpore Old 3"
"9304",4,929.728,7.229,0,37,1,776,2325,"CFP","Airpore Medium 1"
"9305",5,929.728,5.612,0,36,1,776,2325,"CFP","Airpore Medium 2"
"9306",6,4123.441,3.779,0,44,1,776,2325,"CFP","Background"
"9307",1,929.728,25.435,0,75,2,776,2325,"RFP","Airpore Old 1"
"9308",2,929.728,70.151,11,225,2,776,2325,"RFP","Airpore Old 2"
"9309",3,929.728,30.641,0,163,2,776,2325,"RFP","Airpore Old 3"
"9310",4,929.728,67.4,15,255,2,776,2325,"RFP","Airpore Medium 1"
"9311",5,929.728,66.294,11,178,2,776,2325,"RFP","Airpore Medium 2"
"9312",6,4123.441,37.874,0,143,2,776,2325,"RFP","Background"
"9313",1,929.728,2.351,0,19,1,777,2328,"CFP","Airpore Old 1"
"9314",2,929.728,4.977,0,28,1,777,2328,"CFP","Airpore Old 2"
"9315",3,929.728,3.467,0,44,1,777,2328,"CFP","Airpore Old 3"
"9316",4,929.728,7.203,0,27,1,777,2328,"CFP","Airpore Medium 1"
"9317",5,929.728,5.499,0,27,1,777,2328,"CFP","Airpore Medium 2"
"9318",6,4123.441,3.792,0,37,1,777,2328,"CFP","Background"
"9319",1,929.728,25.222,0,117,2,777,2328,"RFP","Airpore Old 1"
"9320",2,929.728,69.118,3,224,2,777,2328,"RFP","Airpore Old 2"
"9321",3,929.728,30.295,0,130,2,777,2328,"RFP","Airpore Old 3"
"9322",4,929.728,67.149,15,255,2,777,2328,"RFP","Airpore Medium 1"
"9323",5,929.728,66.806,19,222,2,777,2328,"RFP","Airpore Medium 2"
"9324",6,4123.441,37.779,0,144,2,777,2328,"RFP","Background"
"9325",1,929.728,2.546,0,24,1,778,2331,"CFP","Airpore Old 1"
"9326",2,929.728,5.096,0,32,1,778,2331,"CFP","Airpore Old 2"
"9327",3,929.728,3.321,0,27,1,778,2331,"CFP","Airpore Old 3"
"9328",4,929.728,7.013,0,31,1,778,2331,"CFP","Airpore Medium 1"
"9329",5,929.728,5.62,0,27,1,778,2331,"CFP","Airpore Medium 2"
"9330",6,4123.441,3.729,0,41,1,778,2331,"CFP","Background"
"9331",1,929.728,25.572,0,91,2,778,2331,"RFP","Airpore Old 1"
"9332",2,929.728,69.535,3,217,2,778,2331,"RFP","Airpore Old 2"
"9333",3,929.728,30.545,0,128,2,778,2331,"RFP","Airpore Old 3"
"9334",4,929.728,67.285,12,255,2,778,2331,"RFP","Airpore Medium 1"
"9335",5,929.728,66.35,7,177,2,778,2331,"RFP","Airpore Medium 2"
"9336",6,4123.441,37.65,0,140,2,778,2331,"RFP","Background"
"9337",1,929.728,2.433,0,16,1,779,2334,"CFP","Airpore Old 1"
"9338",2,929.728,5.064,0,28,1,779,2334,"CFP","Airpore Old 2"
"9339",3,929.728,3.526,0,28,1,779,2334,"CFP","Airpore Old 3"
"9340",4,929.728,7.103,0,46,1,779,2334,"CFP","Airpore Medium 1"
"9341",5,929.728,5.449,0,27,1,779,2334,"CFP","Airpore Medium 2"
"9342",6,4123.441,3.749,0,28,1,779,2334,"CFP","Background"
"9343",1,929.728,25.44,3,79,2,779,2334,"RFP","Airpore Old 1"
"9344",2,929.728,68.438,11,243,2,779,2334,"RFP","Airpore Old 2"
"9345",3,929.728,30.468,0,162,2,779,2334,"RFP","Airpore Old 3"
"9346",4,929.728,67.447,19,255,2,779,2334,"RFP","Airpore Medium 1"
"9347",5,929.728,66.244,15,226,2,779,2334,"RFP","Airpore Medium 2"
"9348",6,4123.441,37.567,0,124,2,779,2334,"RFP","Background"
"9349",1,929.728,2.287,0,16,1,780,2337,"CFP","Airpore Old 1"
"9350",2,929.728,5.127,0,36,1,780,2337,"CFP","Airpore Old 2"
"9351",3,929.728,3.436,0,27,1,780,2337,"CFP","Airpore Old 3"
"9352",4,929.728,7.024,0,43,1,780,2337,"CFP","Airpore Medium 1"
"9353",5,929.728,5.681,0,31,1,780,2337,"CFP","Airpore Medium 2"
"9354",6,4123.441,3.769,0,27,1,780,2337,"CFP","Background"
"9355",1,929.728,25.958,0,122,2,780,2337,"RFP","Airpore Old 1"
"9356",2,929.728,69.266,7,255,2,780,2337,"RFP","Airpore Old 2"
"9357",3,929.728,30.737,3,130,2,780,2337,"RFP","Airpore Old 3"
"9358",4,929.728,66.958,12,255,2,780,2337,"RFP","Airpore Medium 1"
"9359",5,929.728,66.093,12,180,2,780,2337,"RFP","Airpore Medium 2"
"9360",6,4123.441,37.778,0,120,2,780,2337,"RFP","Background"
"9361",1,929.728,2.212,0,24,1,781,2340,"CFP","Airpore Old 1"
"9362",2,929.728,4.948,0,31,1,781,2340,"CFP","Airpore Old 2"
"9363",3,929.728,3.307,0,31,1,781,2340,"CFP","Airpore Old 3"
"9364",4,929.728,7.094,0,31,1,781,2340,"CFP","Airpore Medium 1"
"9365",5,929.728,5.802,0,27,1,781,2340,"CFP","Airpore Medium 2"
"9366",6,4123.441,3.772,0,27,1,781,2340,"CFP","Background"
"9367",1,929.728,24.734,3,77,2,781,2340,"RFP","Airpore Old 1"
"9368",2,929.728,68.474,7,212,2,781,2340,"RFP","Airpore Old 2"
"9369",3,929.728,30.051,0,121,2,781,2340,"RFP","Airpore Old 3"
"9370",4,929.728,66.572,15,255,2,781,2340,"RFP","Airpore Medium 1"
"9371",5,929.728,65.855,12,205,2,781,2340,"RFP","Airpore Medium 2"
"9372",6,4123.441,37.928,0,141,2,781,2340,"RFP","Background"
"9373",1,929.728,2.267,0,19,1,782,2343,"CFP","Airpore Old 1"
"9374",2,929.728,5.081,0,31,1,782,2343,"CFP","Airpore Old 2"
"9375",3,929.728,3.538,0,27,1,782,2343,"CFP","Airpore Old 3"
"9376",4,929.728,7.153,0,31,1,782,2343,"CFP","Airpore Medium 1"
"9377",5,929.728,5.58,0,34,1,782,2343,"CFP","Airpore Medium 2"
"9378",6,4123.441,3.736,0,27,1,782,2343,"CFP","Background"
"9379",1,929.728,25.43,3,76,2,782,2343,"RFP","Airpore Old 1"
"9380",2,929.728,69.316,3,223,2,782,2343,"RFP","Airpore Old 2"
"9381",3,929.728,30.747,0,147,2,782,2343,"RFP","Airpore Old 3"
"9382",4,929.728,67.665,15,255,2,782,2343,"RFP","Airpore Medium 1"
"9383",5,929.728,66.234,15,182,2,782,2343,"RFP","Airpore Medium 2"
"9384",6,4123.441,37.518,0,140,2,782,2343,"RFP","Background"
"9385",1,929.728,2.365,0,16,1,783,2346,"CFP","Airpore Old 1"
"9386",2,929.728,5.08,0,31,1,783,2346,"CFP","Airpore Old 2"
"9387",3,929.728,3.447,0,32,1,783,2346,"CFP","Airpore Old 3"
"9388",4,929.728,6.996,0,27,1,783,2346,"CFP","Airpore Medium 1"
"9389",5,929.728,5.508,0,27,1,783,2346,"CFP","Airpore Medium 2"
"9390",6,4123.441,3.752,0,27,1,783,2346,"CFP","Background"
"9391",1,929.728,25.288,0,76,2,783,2346,"RFP","Airpore Old 1"
"9392",2,929.728,69.653,3,233,2,783,2346,"RFP","Airpore Old 2"
"9393",3,929.728,30.556,0,143,2,783,2346,"RFP","Airpore Old 3"
"9394",4,929.728,67.179,11,255,2,783,2346,"RFP","Airpore Medium 1"
"9395",5,929.728,66.347,19,182,2,783,2346,"RFP","Airpore Medium 2"
"9396",6,4123.441,38.05,0,153,2,783,2346,"RFP","Background"
"9397",1,929.728,2.312,0,21,1,784,2349,"CFP","Airpore Old 1"
"9398",2,929.728,4.86,0,31,1,784,2349,"CFP","Airpore Old 2"
"9399",3,929.728,3.305,0,27,1,784,2349,"CFP","Airpore Old 3"
"9400",4,929.728,6.904,0,46,1,784,2349,"CFP","Airpore Medium 1"
"9401",5,929.728,5.641,0,41,1,784,2349,"CFP","Airpore Medium 2"
"9402",6,4123.441,3.712,0,27,1,784,2349,"CFP","Background"
"9403",1,929.728,24.844,0,68,2,784,2349,"RFP","Airpore Old 1"
"9404",2,929.728,68.319,8,241,2,784,2349,"RFP","Airpore Old 2"
"9405",3,929.728,30.486,0,151,2,784,2349,"RFP","Airpore Old 3"
"9406",4,929.728,67.401,12,255,2,784,2349,"RFP","Airpore Medium 1"
"9407",5,929.728,65.855,15,191,2,784,2349,"RFP","Airpore Medium 2"
"9408",6,4123.441,37.58,0,124,2,784,2349,"RFP","Background"
"9409",1,929.728,2.377,0,19,1,785,2352,"CFP","Airpore Old 1"
"9410",2,929.728,5.007,0,31,1,785,2352,"CFP","Airpore Old 2"
"9411",3,929.728,3.247,0,31,1,785,2352,"CFP","Airpore Old 3"
"9412",4,929.728,6.871,0,27,1,785,2352,"CFP","Airpore Medium 1"
"9413",5,929.728,5.624,0,31,1,785,2352,"CFP","Airpore Medium 2"
"9414",6,4123.441,3.72,0,27,1,785,2352,"CFP","Background"
"9415",1,929.728,25.376,0,84,2,785,2352,"RFP","Airpore Old 1"
"9416",2,929.728,68.254,3,255,2,785,2352,"RFP","Airpore Old 2"
"9417",3,929.728,31.242,0,150,2,785,2352,"RFP","Airpore Old 3"
"9418",4,929.728,66.788,16,255,2,785,2352,"RFP","Airpore Medium 1"
"9419",5,929.728,66.437,19,168,2,785,2352,"RFP","Airpore Medium 2"
"9420",6,4123.441,37.375,0,118,2,785,2352,"RFP","Background"
"9421",1,929.728,2.358,0,20,1,786,2355,"CFP","Airpore Old 1"
"9422",2,929.728,4.799,0,31,1,786,2355,"CFP","Airpore Old 2"
"9423",3,929.728,3.284,0,31,1,786,2355,"CFP","Airpore Old 3"
"9424",4,929.728,7.161,0,43,1,786,2355,"CFP","Airpore Medium 1"
"9425",5,929.728,5.643,0,43,1,786,2355,"CFP","Airpore Medium 2"
"9426",6,4123.441,3.667,0,44,1,786,2355,"CFP","Background"
"9427",1,929.728,25.334,0,108,2,786,2355,"RFP","Airpore Old 1"
"9428",2,929.728,68.792,7,222,2,786,2355,"RFP","Airpore Old 2"
"9429",3,929.728,30.392,0,138,2,786,2355,"RFP","Airpore Old 3"
"9430",4,929.728,66.57,11,255,2,786,2355,"RFP","Airpore Medium 1"
"9431",5,929.728,65.79,15,159,2,786,2355,"RFP","Airpore Medium 2"
"9432",6,4123.441,37.073,3,162,2,786,2355,"RFP","Background"
"9433",1,929.728,2.323,0,20,1,787,2358,"CFP","Airpore Old 1"
"9434",2,929.728,4.737,0,35,1,787,2358,"CFP","Airpore Old 2"
"9435",3,929.728,3.349,0,39,1,787,2358,"CFP","Airpore Old 3"
"9436",4,929.728,7.049,0,31,1,787,2358,"CFP","Airpore Medium 1"
"9437",5,929.728,5.582,0,23,1,787,2358,"CFP","Airpore Medium 2"
"9438",6,4123.441,3.678,0,35,1,787,2358,"CFP","Background"
"9439",1,929.728,25.248,3,72,2,787,2358,"RFP","Airpore Old 1"
"9440",2,929.728,68.085,3,219,2,787,2358,"RFP","Airpore Old 2"
"9441",3,929.728,30.707,0,119,2,787,2358,"RFP","Airpore Old 3"
"9442",4,929.728,66.144,12,255,2,787,2358,"RFP","Airpore Medium 1"
"9443",5,929.728,65.914,15,198,2,787,2358,"RFP","Airpore Medium 2"
"9444",6,4123.441,37.233,0,135,2,787,2358,"RFP","Background"
"9445",1,929.728,2.237,0,16,1,788,2361,"CFP","Airpore Old 1"
"9446",2,929.728,5.122,0,31,1,788,2361,"CFP","Airpore Old 2"
"9447",3,929.728,3.458,0,27,1,788,2361,"CFP","Airpore Old 3"
"9448",4,929.728,7.037,0,28,1,788,2361,"CFP","Airpore Medium 1"
"9449",5,929.728,5.61,0,27,1,788,2361,"CFP","Airpore Medium 2"
"9450",6,4123.441,3.791,0,27,1,788,2361,"CFP","Background"
"9451",1,929.728,25.022,3,94,2,788,2361,"RFP","Airpore Old 1"
"9452",2,929.728,68.82,7,237,2,788,2361,"RFP","Airpore Old 2"
"9453",3,929.728,30.475,0,137,2,788,2361,"RFP","Airpore Old 3"
"9454",4,929.728,66.2,15,255,2,788,2361,"RFP","Airpore Medium 1"
"9455",5,929.728,65.373,8,205,2,788,2361,"RFP","Airpore Medium 2"
"9456",6,4123.441,36.801,0,127,2,788,2361,"RFP","Background"
"9457",1,929.728,2.193,0,19,1,789,2364,"CFP","Airpore Old 1"
"9458",2,929.728,4.935,0,31,1,789,2364,"CFP","Airpore Old 2"
"9459",3,929.728,3.341,0,27,1,789,2364,"CFP","Airpore Old 3"
"9460",4,929.728,7.109,0,27,1,789,2364,"CFP","Airpore Medium 1"
"9461",5,929.728,5.367,0,31,1,789,2364,"CFP","Airpore Medium 2"
"9462",6,4123.441,3.719,0,27,1,789,2364,"CFP","Background"
"9463",1,929.728,25.459,0,68,2,789,2364,"RFP","Airpore Old 1"
"9464",2,929.728,68.415,7,231,2,789,2364,"RFP","Airpore Old 2"
"9465",3,929.728,30.203,0,149,2,789,2364,"RFP","Airpore Old 3"
"9466",4,929.728,66.465,15,255,2,789,2364,"RFP","Airpore Medium 1"
"9467",5,929.728,66.096,15,208,2,789,2364,"RFP","Airpore Medium 2"
"9468",6,4123.441,37.309,0,151,2,789,2364,"RFP","Background"
"9469",1,929.728,2.21,0,16,1,790,2367,"CFP","Airpore Old 1"
"9470",2,929.728,5.04,0,39,1,790,2367,"CFP","Airpore Old 2"
"9471",3,929.728,3.424,0,27,1,790,2367,"CFP","Airpore Old 3"
"9472",4,929.728,6.905,0,40,1,790,2367,"CFP","Airpore Medium 1"
"9473",5,929.728,5.315,0,19,1,790,2367,"CFP","Airpore Medium 2"
"9474",6,4123.441,3.734,0,38,1,790,2367,"CFP","Background"
"9475",1,929.728,25.15,0,76,2,790,2367,"RFP","Airpore Old 1"
"9476",2,929.728,68.383,7,217,2,790,2367,"RFP","Airpore Old 2"
"9477",3,929.728,30.918,3,132,2,790,2367,"RFP","Airpore Old 3"
"9478",4,929.728,67.409,15,255,2,790,2367,"RFP","Airpore Medium 1"
"9479",5,929.728,65.854,15,168,2,790,2367,"RFP","Airpore Medium 2"
"9480",6,4123.441,37.463,0,127,2,790,2367,"RFP","Background"
"9481",1,929.728,2.245,0,19,1,791,2370,"CFP","Airpore Old 1"
"9482",2,929.728,4.939,0,35,1,791,2370,"CFP","Airpore Old 2"
"9483",3,929.728,3.412,0,27,1,791,2370,"CFP","Airpore Old 3"
"9484",4,929.728,7.304,0,46,1,791,2370,"CFP","Airpore Medium 1"
"9485",5,929.728,5.551,0,24,1,791,2370,"CFP","Airpore Medium 2"
"9486",6,4123.441,3.786,0,27,1,791,2370,"CFP","Background"
"9487",1,929.728,25.112,3,72,2,791,2370,"RFP","Airpore Old 1"
"9488",2,929.728,69.494,7,244,2,791,2370,"RFP","Airpore Old 2"
"9489",3,929.728,30.718,0,144,2,791,2370,"RFP","Airpore Old 3"
"9490",4,929.728,67.069,12,255,2,791,2370,"RFP","Airpore Medium 1"
"9491",5,929.728,67.522,15,175,2,791,2370,"RFP","Airpore Medium 2"
"9492",6,4123.441,37.766,0,135,2,791,2370,"RFP","Background"
"9493",1,929.728,2.278,0,19,1,792,2373,"CFP","Airpore Old 1"
"9494",2,929.728,5.113,0,35,1,792,2373,"CFP","Airpore Old 2"
"9495",3,929.728,3.394,0,31,1,792,2373,"CFP","Airpore Old 3"
"9496",4,929.728,6.997,0,34,1,792,2373,"CFP","Airpore Medium 1"
"9497",5,929.728,5.449,0,47,1,792,2373,"CFP","Airpore Medium 2"
"9498",6,4123.441,3.713,0,27,1,792,2373,"CFP","Background"
"9499",1,929.728,25.105,0,180,2,792,2373,"RFP","Airpore Old 1"
"9500",2,929.728,69.413,11,255,2,792,2373,"RFP","Airpore Old 2"
"9501",3,929.728,30.38,0,126,2,792,2373,"RFP","Airpore Old 3"
"9502",4,929.728,67.012,15,255,2,792,2373,"RFP","Airpore Medium 1"
"9503",5,929.728,66.407,15,196,2,792,2373,"RFP","Airpore Medium 2"
"9504",6,4123.441,37.142,0,123,2,792,2373,"RFP","Background"
"9505",1,929.728,2.316,0,19,1,793,2376,"CFP","Airpore Old 1"
"9506",2,929.728,5.117,0,31,1,793,2376,"CFP","Airpore Old 2"
"9507",3,929.728,3.382,0,33,1,793,2376,"CFP","Airpore Old 3"
"9508",4,929.728,7.184,0,35,1,793,2376,"CFP","Airpore Medium 1"
"9509",5,929.728,5.607,0,27,1,793,2376,"CFP","Airpore Medium 2"
"9510",6,4123.441,3.782,0,44,1,793,2376,"CFP","Background"
"9511",1,929.728,25.15,3,84,2,793,2376,"RFP","Airpore Old 1"
"9512",2,929.728,69.482,7,216,2,793,2376,"RFP","Airpore Old 2"
"9513",3,929.728,30.57,0,139,2,793,2376,"RFP","Airpore Old 3"
"9514",4,929.728,67.061,15,255,2,793,2376,"RFP","Airpore Medium 1"
"9515",5,929.728,66.323,15,161,2,793,2376,"RFP","Airpore Medium 2"
"9516",6,4123.441,37.587,0,154,2,793,2376,"RFP","Background"
"9517",1,929.728,2.292,0,16,1,794,2379,"CFP","Airpore Old 1"
"9518",2,929.728,4.905,0,36,1,794,2379,"CFP","Airpore Old 2"
"9519",3,929.728,3.533,0,27,1,794,2379,"CFP","Airpore Old 3"
"9520",4,929.728,7.017,0,27,1,794,2379,"CFP","Airpore Medium 1"
"9521",5,929.728,5.664,0,27,1,794,2379,"CFP","Airpore Medium 2"
"9522",6,4123.441,3.701,0,37,1,794,2379,"CFP","Background"
"9523",1,929.728,24.766,0,76,2,794,2379,"RFP","Airpore Old 1"
"9524",2,929.728,68.766,7,230,2,794,2379,"RFP","Airpore Old 2"
"9525",3,929.728,30.112,0,130,2,794,2379,"RFP","Airpore Old 3"
"9526",4,929.728,67.076,12,255,2,794,2379,"RFP","Airpore Medium 1"
"9527",5,929.728,67.478,15,182,2,794,2379,"RFP","Airpore Medium 2"
"9528",6,4123.441,37.415,0,134,2,794,2379,"RFP","Background"
"9529",1,929.728,2.298,0,23,1,795,2382,"CFP","Airpore Old 1"
"9530",2,929.728,5.068,0,31,1,795,2382,"CFP","Airpore Old 2"
"9531",3,929.728,3.541,0,31,1,795,2382,"CFP","Airpore Old 3"
"9532",4,929.728,7.08,0,31,1,795,2382,"CFP","Airpore Medium 1"
"9533",5,929.728,5.643,0,27,1,795,2382,"CFP","Airpore Medium 2"
"9534",6,4123.441,3.687,0,31,1,795,2382,"CFP","Background"
"9535",1,929.728,25.337,0,92,2,795,2382,"RFP","Airpore Old 1"
"9536",2,929.728,68.718,7,224,2,795,2382,"RFP","Airpore Old 2"
"9537",3,929.728,30.803,0,124,2,795,2382,"RFP","Airpore Old 3"
"9538",4,929.728,67.384,11,255,2,795,2382,"RFP","Airpore Medium 1"
"9539",5,929.728,66.142,15,166,2,795,2382,"RFP","Airpore Medium 2"
"9540",6,4123.441,37.409,0,131,2,795,2382,"RFP","Background"
"9541",1,929.728,2.284,0,16,1,796,2385,"CFP","Airpore Old 1"
"9542",2,929.728,4.956,0,31,1,796,2385,"CFP","Airpore Old 2"
"9543",3,929.728,3.255,0,31,1,796,2385,"CFP","Airpore Old 3"
"9544",4,929.728,6.705,0,27,1,796,2385,"CFP","Airpore Medium 1"
"9545",5,929.728,5.717,0,24,1,796,2385,"CFP","Airpore Medium 2"
"9546",6,4123.441,3.666,0,27,1,796,2385,"CFP","Background"
"9547",1,929.728,24.972,0,72,2,796,2385,"RFP","Airpore Old 1"
"9548",2,929.728,69.107,8,236,2,796,2385,"RFP","Airpore Old 2"
"9549",3,929.728,30.463,0,142,2,796,2385,"RFP","Airpore Old 3"
"9550",4,929.728,67.28,15,255,2,796,2385,"RFP","Airpore Medium 1"
"9551",5,929.728,66.642,16,182,2,796,2385,"RFP","Airpore Medium 2"
"9552",6,4123.441,37.188,0,120,2,796,2385,"RFP","Background"
"9553",1,929.728,2.252,0,19,1,797,2388,"CFP","Airpore Old 1"
"9554",2,929.728,5.049,0,38,1,797,2388,"CFP","Airpore Old 2"
"9555",3,929.728,3.297,0,32,1,797,2388,"CFP","Airpore Old 3"
"9556",4,929.728,6.974,0,47,1,797,2388,"CFP","Airpore Medium 1"
"9557",5,929.728,5.492,0,27,1,797,2388,"CFP","Airpore Medium 2"
"9558",6,4123.441,3.744,0,44,1,797,2388,"CFP","Background"
"9559",1,929.728,24.941,3,89,2,797,2388,"RFP","Airpore Old 1"
"9560",2,929.728,68.302,7,255,2,797,2388,"RFP","Airpore Old 2"
"9561",3,929.728,30.934,0,126,2,797,2388,"RFP","Airpore Old 3"
"9562",4,929.728,67.36,12,255,2,797,2388,"RFP","Airpore Medium 1"
"9563",5,929.728,65.9,19,185,2,797,2388,"RFP","Airpore Medium 2"
"9564",6,4123.441,37.508,3,156,2,797,2388,"RFP","Background"
"9565",1,929.728,2.308,0,15,1,798,2391,"CFP","Airpore Old 1"
"9566",2,929.728,4.896,0,39,1,798,2391,"CFP","Airpore Old 2"
"9567",3,929.728,3.504,0,27,1,798,2391,"CFP","Airpore Old 3"
"9568",4,929.728,6.952,0,31,1,798,2391,"CFP","Airpore Medium 1"
"9569",5,929.728,5.644,0,31,1,798,2391,"CFP","Airpore Medium 2"
"9570",6,4123.441,3.757,0,31,1,798,2391,"CFP","Background"
"9571",1,929.728,25.307,3,68,2,798,2391,"RFP","Airpore Old 1"
"9572",2,929.728,68.883,7,227,2,798,2391,"RFP","Airpore Old 2"
"9573",3,929.728,30.336,0,160,2,798,2391,"RFP","Airpore Old 3"
"9574",4,929.728,67.075,15,255,2,798,2391,"RFP","Airpore Medium 1"
"9575",5,929.728,67.195,15,181,2,798,2391,"RFP","Airpore Medium 2"
"9576",6,4123.441,37.56,0,130,2,798,2391,"RFP","Background"
"9577",1,929.728,2.378,0,19,1,799,2394,"CFP","Airpore Old 1"
"9578",2,929.728,5.053,0,31,1,799,2394,"CFP","Airpore Old 2"
"9579",3,929.728,3.398,0,27,1,799,2394,"CFP","Airpore Old 3"
"9580",4,929.728,7.027,0,35,1,799,2394,"CFP","Airpore Medium 1"
"9581",5,929.728,5.497,0,27,1,799,2394,"CFP","Airpore Medium 2"
"9582",6,4123.441,3.652,0,35,1,799,2394,"CFP","Background"
"9583",1,929.728,25.059,0,91,2,799,2394,"RFP","Airpore Old 1"
"9584",2,929.728,68.138,7,228,2,799,2394,"RFP","Airpore Old 2"
"9585",3,929.728,30.273,0,155,2,799,2394,"RFP","Airpore Old 3"
"9586",4,929.728,67.292,15,255,2,799,2394,"RFP","Airpore Medium 1"
"9587",5,929.728,66.135,15,181,2,799,2394,"RFP","Airpore Medium 2"
"9588",6,4123.441,37.238,0,134,2,799,2394,"RFP","Background"
"9589",1,929.728,2.404,0,19,1,800,2397,"CFP","Airpore Old 1"
"9590",2,929.728,4.96,0,27,1,800,2397,"CFP","Airpore Old 2"
"9591",3,929.728,3.391,0,35,1,800,2397,"CFP","Airpore Old 3"
"9592",4,929.728,7.033,0,31,1,800,2397,"CFP","Airpore Medium 1"
"9593",5,929.728,5.515,0,27,1,800,2397,"CFP","Airpore Medium 2"
"9594",6,4123.441,3.729,0,34,1,800,2397,"CFP","Background"
"9595",1,929.728,25.468,3,72,2,800,2397,"RFP","Airpore Old 1"
"9596",2,929.728,67.412,7,221,2,800,2397,"RFP","Airpore Old 2"
"9597",3,929.728,31.297,0,153,2,800,2397,"RFP","Airpore Old 3"
"9598",4,929.728,67.722,15,255,2,800,2397,"RFP","Airpore Medium 1"
"9599",5,929.728,65.731,15,196,2,800,2397,"RFP","Airpore Medium 2"
"9600",6,4123.441,37.213,0,136,2,800,2397,"RFP","Background"
"9601",1,929.728,2.4,0,24,1,801,2400,"CFP","Airpore Old 1"
"9602",2,929.728,5.048,0,27,1,801,2400,"CFP","Airpore Old 2"
"9603",3,929.728,3.387,0,31,1,801,2400,"CFP","Airpore Old 3"
"9604",4,929.728,6.979,0,27,1,801,2400,"CFP","Airpore Medium 1"
"9605",5,929.728,5.721,0,27,1,801,2400,"CFP","Airpore Medium 2"
"9606",6,4123.441,3.698,0,24,1,801,2400,"CFP","Background"
"9607",1,929.728,25.413,3,100,2,801,2400,"RFP","Airpore Old 1"
"9608",2,929.728,68.504,3,233,2,801,2400,"RFP","Airpore Old 2"
"9609",3,929.728,30.337,0,151,2,801,2400,"RFP","Airpore Old 3"
"9610",4,929.728,66.831,11,255,2,801,2400,"RFP","Airpore Medium 1"
"9611",5,929.728,65.672,12,190,2,801,2400,"RFP","Airpore Medium 2"
"9612",6,4123.441,36.701,0,149,2,801,2400,"RFP","Background"
"9613",1,929.728,2.232,0,20,1,802,2403,"CFP","Airpore Old 1"
"9614",2,929.728,4.87,0,35,1,802,2403,"CFP","Airpore Old 2"
"9615",3,929.728,3.308,0,24,1,802,2403,"CFP","Airpore Old 3"
"9616",4,929.728,7.206,0,31,1,802,2403,"CFP","Airpore Medium 1"
"9617",5,929.728,5.666,0,23,1,802,2403,"CFP","Airpore Medium 2"
"9618",6,4123.441,3.714,0,31,1,802,2403,"CFP","Background"
"9619",1,929.728,24.768,0,76,2,802,2403,"RFP","Airpore Old 1"
"9620",2,929.728,68.36,7,222,2,802,2403,"RFP","Airpore Old 2"
"9621",3,929.728,30.564,0,127,2,802,2403,"RFP","Airpore Old 3"
"9622",4,929.728,66.581,15,255,2,802,2403,"RFP","Airpore Medium 1"
"9623",5,929.728,66.205,12,160,2,802,2403,"RFP","Airpore Medium 2"
"9624",6,4123.441,36.849,0,179,2,802,2403,"RFP","Background"
"9625",1,929.728,2.354,0,30,1,803,2406,"CFP","Airpore Old 1"
"9626",2,929.728,4.984,0,34,1,803,2406,"CFP","Airpore Old 2"
"9627",3,929.728,3.291,0,31,1,803,2406,"CFP","Airpore Old 3"
"9628",4,929.728,6.905,0,27,1,803,2406,"CFP","Airpore Medium 1"
"9629",5,929.728,5.603,0,27,1,803,2406,"CFP","Airpore Medium 2"
"9630",6,4123.441,3.74,0,45,1,803,2406,"CFP","Background"
"9631",1,929.728,24.677,0,71,2,803,2406,"RFP","Airpore Old 1"
"9632",2,929.728,67.962,8,230,2,803,2406,"RFP","Airpore Old 2"
"9633",3,929.728,30.833,0,119,2,803,2406,"RFP","Airpore Old 3"
"9634",4,929.728,67.036,15,255,2,803,2406,"RFP","Airpore Medium 1"
"9635",5,929.728,66.732,16,175,2,803,2406,"RFP","Airpore Medium 2"
"9636",6,4123.441,37.124,0,186,2,803,2406,"RFP","Background"
"9637",1,929.728,2.329,0,20,1,804,2409,"CFP","Airpore Old 1"
"9638",2,929.728,4.936,0,43,1,804,2409,"CFP","Airpore Old 2"
"9639",3,929.728,3.388,0,29,1,804,2409,"CFP","Airpore Old 3"
"9640",4,929.728,7.087,0,64,1,804,2409,"CFP","Airpore Medium 1"
"9641",5,929.728,5.496,0,27,1,804,2409,"CFP","Airpore Medium 2"
"9642",6,4123.441,3.711,0,27,1,804,2409,"CFP","Background"
"9643",1,929.728,24.685,0,72,2,804,2409,"RFP","Airpore Old 1"
"9644",2,929.728,68.535,3,189,2,804,2409,"RFP","Airpore Old 2"
"9645",3,929.728,30.855,3,166,2,804,2409,"RFP","Airpore Old 3"
"9646",4,929.728,66.755,19,255,2,804,2409,"RFP","Airpore Medium 1"
"9647",5,929.728,67.231,15,177,2,804,2409,"RFP","Airpore Medium 2"
"9648",6,4123.441,37.026,0,138,2,804,2409,"RFP","Background"
"9649",1,929.728,2.325,0,19,1,805,2412,"CFP","Airpore Old 1"
"9650",2,929.728,5.035,0,31,1,805,2412,"CFP","Airpore Old 2"
"9651",3,929.728,3.436,0,27,1,805,2412,"CFP","Airpore Old 3"
"9652",4,929.728,7.02,0,43,1,805,2412,"CFP","Airpore Medium 1"
"9653",5,929.728,5.515,0,29,1,805,2412,"CFP","Airpore Medium 2"
"9654",6,4123.441,3.622,0,31,1,805,2412,"CFP","Background"
"9655",1,929.728,25.087,3,79,2,805,2412,"RFP","Airpore Old 1"
"9656",2,929.728,67.88,8,229,2,805,2412,"RFP","Airpore Old 2"
"9657",3,929.728,30.508,0,143,2,805,2412,"RFP","Airpore Old 3"
"9658",4,929.728,66.676,12,255,2,805,2412,"RFP","Airpore Medium 1"
"9659",5,929.728,66.841,15,199,2,805,2412,"RFP","Airpore Medium 2"
"9660",6,4123.441,37.122,3,127,2,805,2412,"RFP","Background"
"9661",1,929.728,2.285,0,21,1,806,2415,"CFP","Airpore Old 1"
"9662",2,929.728,4.781,0,31,1,806,2415,"CFP","Airpore Old 2"
"9663",3,929.728,3.336,0,27,1,806,2415,"CFP","Airpore Old 3"
"9664",4,929.728,6.92,0,39,1,806,2415,"CFP","Airpore Medium 1"
"9665",5,929.728,5.593,0,24,1,806,2415,"CFP","Airpore Medium 2"
"9666",6,4123.441,3.694,0,36,1,806,2415,"CFP","Background"
"9667",1,929.728,25.024,0,88,2,806,2415,"RFP","Airpore Old 1"
"9668",2,929.728,68.532,7,237,2,806,2415,"RFP","Airpore Old 2"
"9669",3,929.728,30.825,0,147,2,806,2415,"RFP","Airpore Old 3"
"9670",4,929.728,66.312,12,255,2,806,2415,"RFP","Airpore Medium 1"
"9671",5,929.728,66.653,15,186,2,806,2415,"RFP","Airpore Medium 2"
"9672",6,4123.441,36.839,0,120,2,806,2415,"RFP","Background"
"9673",1,929.728,2.377,0,15,1,807,2418,"CFP","Airpore Old 1"
"9674",2,929.728,4.993,0,32,1,807,2418,"CFP","Airpore Old 2"
"9675",3,929.728,3.397,0,27,1,807,2418,"CFP","Airpore Old 3"
"9676",4,929.728,6.872,0,28,1,807,2418,"CFP","Airpore Medium 1"
"9677",5,929.728,5.554,0,32,1,807,2418,"CFP","Airpore Medium 2"
"9678",6,4123.441,3.712,0,27,1,807,2418,"CFP","Background"
"9679",1,929.728,25.208,0,80,2,807,2418,"RFP","Airpore Old 1"
"9680",2,929.728,67.847,3,242,2,807,2418,"RFP","Airpore Old 2"
"9681",3,929.728,31.1,0,131,2,807,2418,"RFP","Airpore Old 3"
"9682",4,929.728,66.969,12,255,2,807,2418,"RFP","Airpore Medium 1"
"9683",5,929.728,66.36,19,182,2,807,2418,"RFP","Airpore Medium 2"
"9684",6,4123.441,37.051,3,116,2,807,2418,"RFP","Background"
"9685",1,929.728,2.205,0,19,1,808,2421,"CFP","Airpore Old 1"
"9686",2,929.728,4.82,0,27,1,808,2421,"CFP","Airpore Old 2"
"9687",3,929.728,3.473,0,27,1,808,2421,"CFP","Airpore Old 3"
"9688",4,929.728,7.077,0,27,1,808,2421,"CFP","Airpore Medium 1"
"9689",5,929.728,5.558,0,31,1,808,2421,"CFP","Airpore Medium 2"
"9690",6,4123.441,3.602,0,36,1,808,2421,"CFP","Background"
"9691",1,929.728,24.514,0,86,2,808,2421,"RFP","Airpore Old 1"
"9692",2,929.728,68.544,7,196,2,808,2421,"RFP","Airpore Old 2"
"9693",3,929.728,30.056,0,139,2,808,2421,"RFP","Airpore Old 3"
"9694",4,929.728,66.642,15,255,2,808,2421,"RFP","Airpore Medium 1"
"9695",5,929.728,65.888,11,172,2,808,2421,"RFP","Airpore Medium 2"
"9696",6,4123.441,37.055,3,119,2,808,2421,"RFP","Background"
"9697",1,929.728,2.211,0,19,1,809,2424,"CFP","Airpore Old 1"
"9698",2,929.728,4.91,0,24,1,809,2424,"CFP","Airpore Old 2"
"9699",3,929.728,3.236,0,23,1,809,2424,"CFP","Airpore Old 3"
"9700",4,929.728,6.92,0,31,1,809,2424,"CFP","Airpore Medium 1"
"9701",5,929.728,5.588,0,32,1,809,2424,"CFP","Airpore Medium 2"
"9702",6,4123.441,3.687,0,27,1,809,2424,"CFP","Background"
"9703",1,929.728,24.617,0,147,2,809,2424,"RFP","Airpore Old 1"
"9704",2,929.728,67.985,7,221,2,809,2424,"RFP","Airpore Old 2"
"9705",3,929.728,30.138,0,142,2,809,2424,"RFP","Airpore Old 3"
"9706",4,929.728,67.337,15,255,2,809,2424,"RFP","Airpore Medium 1"
"9707",5,929.728,67.234,15,202,2,809,2424,"RFP","Airpore Medium 2"
"9708",6,4123.441,36.946,0,128,2,809,2424,"RFP","Background"
"9709",1,929.728,2.371,0,23,1,810,2427,"CFP","Airpore Old 1"
"9710",2,929.728,4.941,0,31,1,810,2427,"CFP","Airpore Old 2"
"9711",3,929.728,3.354,0,31,1,810,2427,"CFP","Airpore Old 3"
"9712",4,929.728,7.005,0,35,1,810,2427,"CFP","Airpore Medium 1"
"9713",5,929.728,5.674,0,24,1,810,2427,"CFP","Airpore Medium 2"
"9714",6,4123.441,3.696,0,29,1,810,2427,"CFP","Background"
"9715",1,929.728,24.717,0,72,2,810,2427,"RFP","Airpore Old 1"
"9716",2,929.728,68.671,3,252,2,810,2427,"RFP","Airpore Old 2"
"9717",3,929.728,30.289,0,140,2,810,2427,"RFP","Airpore Old 3"
"9718",4,929.728,66.854,19,255,2,810,2427,"RFP","Airpore Medium 1"
"9719",5,929.728,67.545,12,194,2,810,2427,"RFP","Airpore Medium 2"
"9720",6,4123.441,36.704,0,134,2,810,2427,"RFP","Background"
"9721",1,929.728,2.178,0,16,1,811,2430,"CFP","Airpore Old 1"
"9722",2,929.728,4.953,0,27,1,811,2430,"CFP","Airpore Old 2"
"9723",3,929.728,3.342,0,27,1,811,2430,"CFP","Airpore Old 3"
"9724",4,929.728,7.177,0,27,1,811,2430,"CFP","Airpore Medium 1"
"9725",5,929.728,5.569,0,24,1,811,2430,"CFP","Airpore Medium 2"
"9726",6,4123.441,3.577,0,32,1,811,2430,"CFP","Background"
"9727",1,929.728,24.914,0,85,2,811,2430,"RFP","Airpore Old 1"
"9728",2,929.728,68.059,8,251,2,811,2430,"RFP","Airpore Old 2"
"9729",3,929.728,30.758,0,144,2,811,2430,"RFP","Airpore Old 3"
"9730",4,929.728,66.823,12,255,2,811,2430,"RFP","Airpore Medium 1"
"9731",5,929.728,66.629,15,160,2,811,2430,"RFP","Airpore Medium 2"
"9732",6,4123.441,36.932,0,136,2,811,2430,"RFP","Background"
"9733",1,929.728,2.105,0,16,1,812,2433,"CFP","Airpore Old 1"
"9734",2,929.728,4.905,0,27,1,812,2433,"CFP","Airpore Old 2"
"9735",3,929.728,3.445,0,31,1,812,2433,"CFP","Airpore Old 3"
"9736",4,929.728,7.032,0,37,1,812,2433,"CFP","Airpore Medium 1"
"9737",5,929.728,5.542,0,24,1,812,2433,"CFP","Airpore Medium 2"
"9738",6,4123.441,3.614,0,47,1,812,2433,"CFP","Background"
"9739",1,929.728,25.286,3,91,2,812,2433,"RFP","Airpore Old 1"
"9740",2,929.728,68.238,7,246,2,812,2433,"RFP","Airpore Old 2"
"9741",3,929.728,30.067,0,164,2,812,2433,"RFP","Airpore Old 3"
"9742",4,929.728,67.242,12,255,2,812,2433,"RFP","Airpore Medium 1"
"9743",5,929.728,66.765,15,177,2,812,2433,"RFP","Airpore Medium 2"
"9744",6,4123.441,37.101,0,130,2,812,2433,"RFP","Background"
"9745",1,929.728,2.279,0,19,1,813,2436,"CFP","Airpore Old 1"
"9746",2,929.728,4.885,0,31,1,813,2436,"CFP","Airpore Old 2"
"9747",3,929.728,3.339,0,23,1,813,2436,"CFP","Airpore Old 3"
"9748",4,929.728,7.152,0,35,1,813,2436,"CFP","Airpore Medium 1"
"9749",5,929.728,5.475,0,35,1,813,2436,"CFP","Airpore Medium 2"
"9750",6,4123.441,3.649,0,41,1,813,2436,"CFP","Background"
"9751",1,929.728,24.592,3,75,2,813,2436,"RFP","Airpore Old 1"
"9752",2,929.728,67.946,3,213,2,813,2436,"RFP","Airpore Old 2"
"9753",3,929.728,30.112,0,140,2,813,2436,"RFP","Airpore Old 3"
"9754",4,929.728,66.604,15,255,2,813,2436,"RFP","Airpore Medium 1"
"9755",5,929.728,66.344,15,176,2,813,2436,"RFP","Airpore Medium 2"
"9756",6,4123.441,37.186,0,125,2,813,2436,"RFP","Background"
"9757",1,929.728,2.32,0,15,1,814,2439,"CFP","Airpore Old 1"
"9758",2,929.728,5.079,0,39,1,814,2439,"CFP","Airpore Old 2"
"9759",3,929.728,3.464,0,34,1,814,2439,"CFP","Airpore Old 3"
"9760",4,929.728,7.155,0,44,1,814,2439,"CFP","Airpore Medium 1"
"9761",5,929.728,5.575,0,27,1,814,2439,"CFP","Airpore Medium 2"
"9762",6,4123.441,3.66,0,27,1,814,2439,"CFP","Background"
"9763",1,929.728,24.401,0,83,2,814,2439,"RFP","Airpore Old 1"
"9764",2,929.728,67.837,7,236,2,814,2439,"RFP","Airpore Old 2"
"9765",3,929.728,30.523,0,154,2,814,2439,"RFP","Airpore Old 3"
"9766",4,929.728,67.358,11,255,2,814,2439,"RFP","Airpore Medium 1"
"9767",5,929.728,66.261,15,158,2,814,2439,"RFP","Airpore Medium 2"
"9768",6,4123.441,36.97,3,129,2,814,2439,"RFP","Background"
"9769",1,929.728,2.184,0,20,1,815,2442,"CFP","Airpore Old 1"
"9770",2,929.728,4.823,0,27,1,815,2442,"CFP","Airpore Old 2"
"9771",3,929.728,3.442,0,27,1,815,2442,"CFP","Airpore Old 3"
"9772",4,929.728,7.198,0,31,1,815,2442,"CFP","Airpore Medium 1"
"9773",5,929.728,5.499,0,27,1,815,2442,"CFP","Airpore Medium 2"
"9774",6,4123.441,3.662,0,34,1,815,2442,"CFP","Background"
"9775",1,929.728,24.36,0,75,2,815,2442,"RFP","Airpore Old 1"
"9776",2,929.728,68.074,3,228,2,815,2442,"RFP","Airpore Old 2"
"9777",3,929.728,30.221,0,128,2,815,2442,"RFP","Airpore Old 3"
"9778",4,929.728,66.595,15,255,2,815,2442,"RFP","Airpore Medium 1"
"9779",5,929.728,66.158,19,159,2,815,2442,"RFP","Airpore Medium 2"
"9780",6,4123.441,36.861,3,150,2,815,2442,"RFP","Background"
"9781",1,929.728,2.332,0,16,1,816,2445,"CFP","Airpore Old 1"
"9782",2,929.728,4.925,0,31,1,816,2445,"CFP","Airpore Old 2"
"9783",3,929.728,3.378,0,35,1,816,2445,"CFP","Airpore Old 3"
"9784",4,929.728,7.352,0,39,1,816,2445,"CFP","Airpore Medium 1"
"9785",5,929.728,5.738,0,38,1,816,2445,"CFP","Airpore Medium 2"
"9786",6,4123.441,3.692,0,42,1,816,2445,"CFP","Background"
"9787",1,929.728,24.255,3,72,2,816,2445,"RFP","Airpore Old 1"
"9788",2,929.728,66.999,7,218,2,816,2445,"RFP","Airpore Old 2"
"9789",3,929.728,30.322,0,132,2,816,2445,"RFP","Airpore Old 3"
"9790",4,929.728,66.039,15,255,2,816,2445,"RFP","Airpore Medium 1"
"9791",5,929.728,66.564,11,189,2,816,2445,"RFP","Airpore Medium 2"
"9792",6,4123.441,36.638,0,177,2,816,2445,"RFP","Background"
"9793",1,929.728,2.155,0,20,1,817,2448,"CFP","Airpore Old 1"
"9794",2,929.728,4.956,0,27,1,817,2448,"CFP","Airpore Old 2"
"9795",3,929.728,3.318,0,27,1,817,2448,"CFP","Airpore Old 3"
"9796",4,929.728,7.288,0,38,1,817,2448,"CFP","Airpore Medium 1"
"9797",5,929.728,5.649,0,27,1,817,2448,"CFP","Airpore Medium 2"
"9798",6,4123.441,3.686,0,30,1,817,2448,"CFP","Background"
"9799",1,929.728,23.808,0,64,2,817,2448,"RFP","Airpore Old 1"
"9800",2,929.728,67.729,3,195,2,817,2448,"RFP","Airpore Old 2"
"9801",3,929.728,29.909,0,138,2,817,2448,"RFP","Airpore Old 3"
"9802",4,929.728,66.211,15,255,2,817,2448,"RFP","Airpore Medium 1"
"9803",5,929.728,67.083,12,171,2,817,2448,"RFP","Airpore Medium 2"
"9804",6,4123.441,36.656,0,130,2,817,2448,"RFP","Background"
"9805",1,929.728,2.192,0,19,1,818,2451,"CFP","Airpore Old 1"
"9806",2,929.728,5.043,0,31,1,818,2451,"CFP","Airpore Old 2"
"9807",3,929.728,3.523,0,27,1,818,2451,"CFP","Airpore Old 3"
"9808",4,929.728,7.13,0,27,1,818,2451,"CFP","Airpore Medium 1"
"9809",5,929.728,5.781,0,27,1,818,2451,"CFP","Airpore Medium 2"
"9810",6,4123.441,3.684,0,28,1,818,2451,"CFP","Background"
"9811",1,929.728,24.604,0,67,2,818,2451,"RFP","Airpore Old 1"
"9812",2,929.728,67.542,7,216,2,818,2451,"RFP","Airpore Old 2"
"9813",3,929.728,30.433,0,135,2,818,2451,"RFP","Airpore Old 3"
"9814",4,929.728,67.261,19,255,2,818,2451,"RFP","Airpore Medium 1"
"9815",5,929.728,66.532,15,171,2,818,2451,"RFP","Airpore Medium 2"
"9816",6,4123.441,36.559,0,127,2,818,2451,"RFP","Background"
"9817",1,929.728,2.397,0,24,1,819,2454,"CFP","Airpore Old 1"
"9818",2,929.728,4.843,0,36,1,819,2454,"CFP","Airpore Old 2"
"9819",3,929.728,3.322,0,35,1,819,2454,"CFP","Airpore Old 3"
"9820",4,929.728,7.023,0,31,1,819,2454,"CFP","Airpore Medium 1"
"9821",5,929.728,5.459,0,24,1,819,2454,"CFP","Airpore Medium 2"
"9822",6,4123.441,3.64,0,34,1,819,2454,"CFP","Background"
"9823",1,929.728,24.282,3,64,2,819,2454,"RFP","Airpore Old 1"
"9824",2,929.728,67.545,7,211,2,819,2454,"RFP","Airpore Old 2"
"9825",3,929.728,30.247,0,136,2,819,2454,"RFP","Airpore Old 3"
"9826",4,929.728,66.68,19,255,2,819,2454,"RFP","Airpore Medium 1"
"9827",5,929.728,67.3,19,178,2,819,2454,"RFP","Airpore Medium 2"
"9828",6,4123.441,36.642,0,128,2,819,2454,"RFP","Background"
"9829",1,929.728,2.287,0,19,1,820,2457,"CFP","Airpore Old 1"
"9830",2,929.728,4.944,0,31,1,820,2457,"CFP","Airpore Old 2"
"9831",3,929.728,3.445,0,27,1,820,2457,"CFP","Airpore Old 3"
"9832",4,929.728,7.201,0,28,1,820,2457,"CFP","Airpore Medium 1"
"9833",5,929.728,5.567,0,27,1,820,2457,"CFP","Airpore Medium 2"
"9834",6,4123.441,3.69,0,38,1,820,2457,"CFP","Background"
"9835",1,929.728,24.807,3,76,2,820,2457,"RFP","Airpore Old 1"
"9836",2,929.728,68.417,3,193,2,820,2457,"RFP","Airpore Old 2"
"9837",3,929.728,31.28,0,151,2,820,2457,"RFP","Airpore Old 3"
"9838",4,929.728,67.688,15,255,2,820,2457,"RFP","Airpore Medium 1"
"9839",5,929.728,66.939,15,185,2,820,2457,"RFP","Airpore Medium 2"
"9840",6,4123.441,36.681,0,134,2,820,2457,"RFP","Background"
"9841",1,929.728,2.29,0,15,1,821,2460,"CFP","Airpore Old 1"
"9842",2,929.728,4.702,0,43,1,821,2460,"CFP","Airpore Old 2"
"9843",3,929.728,3.357,0,35,1,821,2460,"CFP","Airpore Old 3"
"9844",4,929.728,6.905,0,27,1,821,2460,"CFP","Airpore Medium 1"
"9845",5,929.728,5.334,0,24,1,821,2460,"CFP","Airpore Medium 2"
"9846",6,4123.441,3.689,0,27,1,821,2460,"CFP","Background"
"9847",1,929.728,25.45,3,80,2,821,2460,"RFP","Airpore Old 1"
"9848",2,929.728,66.912,7,255,2,821,2460,"RFP","Airpore Old 2"
"9849",3,929.728,30.729,0,139,2,821,2460,"RFP","Airpore Old 3"
"9850",4,929.728,67.672,15,255,2,821,2460,"RFP","Airpore Medium 1"
"9851",5,929.728,67.185,15,165,2,821,2460,"RFP","Airpore Medium 2"
"9852",6,4123.441,36.42,0,125,2,821,2460,"RFP","Background"
"9853",1,929.728,2.129,0,20,1,822,2463,"CFP","Airpore Old 1"
"9854",2,929.728,4.788,0,31,1,822,2463,"CFP","Airpore Old 2"
"9855",3,929.728,3.433,0,27,1,822,2463,"CFP","Airpore Old 3"
"9856",4,929.728,7.001,0,31,1,822,2463,"CFP","Airpore Medium 1"
"9857",5,929.728,5.515,0,24,1,822,2463,"CFP","Airpore Medium 2"
"9858",6,4123.441,3.598,0,35,1,822,2463,"CFP","Background"
"9859",1,929.728,24.523,0,80,2,822,2463,"RFP","Airpore Old 1"
"9860",2,929.728,68.138,7,199,2,822,2463,"RFP","Airpore Old 2"
"9861",3,929.728,30.347,0,140,2,822,2463,"RFP","Airpore Old 3"
"9862",4,929.728,66.436,15,255,2,822,2463,"RFP","Airpore Medium 1"
"9863",5,929.728,67.093,7,174,2,822,2463,"RFP","Airpore Medium 2"
"9864",6,4123.441,36.629,0,131,2,822,2463,"RFP","Background"
"9865",1,929.728,2.146,0,23,1,823,2466,"CFP","Airpore Old 1"
"9866",2,929.728,4.787,0,27,1,823,2466,"CFP","Airpore Old 2"
"9867",3,929.728,3.467,0,27,1,823,2466,"CFP","Airpore Old 3"
"9868",4,929.728,6.692,0,31,1,823,2466,"CFP","Airpore Medium 1"
"9869",5,929.728,5.616,0,31,1,823,2466,"CFP","Airpore Medium 2"
"9870",6,4123.441,3.617,0,32,1,823,2466,"CFP","Background"
"9871",1,929.728,24.72,0,72,2,823,2466,"RFP","Airpore Old 1"
"9872",2,929.728,67.884,7,234,2,823,2466,"RFP","Airpore Old 2"
"9873",3,929.728,30.719,0,158,2,823,2466,"RFP","Airpore Old 3"
"9874",4,929.728,67.057,15,255,2,823,2466,"RFP","Airpore Medium 1"
"9875",5,929.728,67.03,11,186,2,823,2466,"RFP","Airpore Medium 2"
"9876",6,4123.441,36.642,0,127,2,823,2466,"RFP","Background"
"9877",1,929.728,2.195,0,23,1,824,2469,"CFP","Airpore Old 1"
"9878",2,929.728,4.772,0,40,1,824,2469,"CFP","Airpore Old 2"
"9879",3,929.728,3.413,0,31,1,824,2469,"CFP","Airpore Old 3"
"9880",4,929.728,7.075,0,35,1,824,2469,"CFP","Airpore Medium 1"
"9881",5,929.728,5.698,0,27,1,824,2469,"CFP","Airpore Medium 2"
"9882",6,4123.441,3.606,0,27,1,824,2469,"CFP","Background"
"9883",1,929.728,24.698,0,72,2,824,2469,"RFP","Airpore Old 1"
"9884",2,929.728,67.383,3,199,2,824,2469,"RFP","Airpore Old 2"
"9885",3,929.728,30.506,0,145,2,824,2469,"RFP","Airpore Old 3"
"9886",4,929.728,67.449,15,255,2,824,2469,"RFP","Airpore Medium 1"
"9887",5,929.728,67.148,11,181,2,824,2469,"RFP","Airpore Medium 2"
"9888",6,4123.441,36.583,0,145,2,824,2469,"RFP","Background"
"9889",1,929.728,2.305,0,20,1,825,2472,"CFP","Airpore Old 1"
"9890",2,929.728,4.945,0,31,1,825,2472,"CFP","Airpore Old 2"
"9891",3,929.728,3.407,0,27,1,825,2472,"CFP","Airpore Old 3"
"9892",4,929.728,6.794,0,31,1,825,2472,"CFP","Airpore Medium 1"
"9893",5,929.728,5.546,0,38,1,825,2472,"CFP","Airpore Medium 2"
"9894",6,4123.441,3.528,0,28,1,825,2472,"CFP","Background"
"9895",1,929.728,24.496,0,94,2,825,2472,"RFP","Airpore Old 1"
"9896",2,929.728,67.46,3,229,2,825,2472,"RFP","Airpore Old 2"
"9897",3,929.728,30.329,0,133,2,825,2472,"RFP","Airpore Old 3"
"9898",4,929.728,66.376,19,255,2,825,2472,"RFP","Airpore Medium 1"
"9899",5,929.728,66.503,15,180,2,825,2472,"RFP","Airpore Medium 2"
"9900",6,4123.441,36.421,0,126,2,825,2472,"RFP","Background"
"9901",1,929.728,2.189,0,16,1,826,2475,"CFP","Airpore Old 1"
"9902",2,929.728,4.938,0,39,1,826,2475,"CFP","Airpore Old 2"
"9903",3,929.728,3.398,0,27,1,826,2475,"CFP","Airpore Old 3"
"9904",4,929.728,7.137,0,27,1,826,2475,"CFP","Airpore Medium 1"
"9905",5,929.728,5.597,0,34,1,826,2475,"CFP","Airpore Medium 2"
"9906",6,4123.441,3.583,0,44,1,826,2475,"CFP","Background"
"9907",1,929.728,24.502,3,69,2,826,2475,"RFP","Airpore Old 1"
"9908",2,929.728,67.425,3,248,2,826,2475,"RFP","Airpore Old 2"
"9909",3,929.728,30.577,0,140,2,826,2475,"RFP","Airpore Old 3"
"9910",4,929.728,66.603,19,255,2,826,2475,"RFP","Airpore Medium 1"
"9911",5,929.728,67.25,23,174,2,826,2475,"RFP","Airpore Medium 2"
"9912",6,4123.441,36.346,0,127,2,826,2475,"RFP","Background"
"9913",1,929.728,2.164,0,16,1,827,2478,"CFP","Airpore Old 1"
"9914",2,929.728,4.795,0,40,1,827,2478,"CFP","Airpore Old 2"
"9915",3,929.728,3.205,0,36,1,827,2478,"CFP","Airpore Old 3"
"9916",4,929.728,7.067,0,31,1,827,2478,"CFP","Airpore Medium 1"
"9917",5,929.728,5.642,0,31,1,827,2478,"CFP","Airpore Medium 2"
"9918",6,4123.441,3.645,0,34,1,827,2478,"CFP","Background"
"9919",1,929.728,24.433,3,76,2,827,2478,"RFP","Airpore Old 1"
"9920",2,929.728,67.598,7,205,2,827,2478,"RFP","Airpore Old 2"
"9921",3,929.728,30.48,0,143,2,827,2478,"RFP","Airpore Old 3"
"9922",4,929.728,67.419,11,255,2,827,2478,"RFP","Airpore Medium 1"
"9923",5,929.728,66.803,11,205,2,827,2478,"RFP","Airpore Medium 2"
"9924",6,4123.441,36.633,0,128,2,827,2478,"RFP","Background"
"9925",1,929.728,2.182,0,33,1,828,2481,"CFP","Airpore Old 1"
"9926",2,929.728,4.846,0,58,1,828,2481,"CFP","Airpore Old 2"
"9927",3,929.728,3.449,0,27,1,828,2481,"CFP","Airpore Old 3"
"9928",4,929.728,7.015,0,27,1,828,2481,"CFP","Airpore Medium 1"
"9929",5,929.728,5.714,0,27,1,828,2481,"CFP","Airpore Medium 2"
"9930",6,4123.441,3.569,0,27,1,828,2481,"CFP","Background"
"9931",1,929.728,24.385,3,80,2,828,2481,"RFP","Airpore Old 1"
"9932",2,929.728,67.423,7,186,2,828,2481,"RFP","Airpore Old 2"
"9933",3,929.728,30.588,0,136,2,828,2481,"RFP","Airpore Old 3"
"9934",4,929.728,66.582,15,255,2,828,2481,"RFP","Airpore Medium 1"
"9935",5,929.728,66.74,15,164,2,828,2481,"RFP","Airpore Medium 2"
"9936",6,4123.441,36.23,0,162,2,828,2481,"RFP","Background"
"9937",1,929.728,2.24,0,20,1,829,2484,"CFP","Airpore Old 1"
"9938",2,929.728,4.839,0,31,1,829,2484,"CFP","Airpore Old 2"
"9939",3,929.728,3.415,0,27,1,829,2484,"CFP","Airpore Old 3"
"9940",4,929.728,6.928,0,31,1,829,2484,"CFP","Airpore Medium 1"
"9941",5,929.728,5.523,0,27,1,829,2484,"CFP","Airpore Medium 2"
"9942",6,4123.441,3.627,0,27,1,829,2484,"CFP","Background"
"9943",1,929.728,24.488,0,90,2,829,2484,"RFP","Airpore Old 1"
"9944",2,929.728,66.389,3,187,2,829,2484,"RFP","Airpore Old 2"
"9945",3,929.728,30.394,0,130,2,829,2484,"RFP","Airpore Old 3"
"9946",4,929.728,66.554,12,255,2,829,2484,"RFP","Airpore Medium 1"
"9947",5,929.728,66.706,11,173,2,829,2484,"RFP","Airpore Medium 2"
"9948",6,4123.441,36.103,0,135,2,829,2484,"RFP","Background"
"9949",1,929.728,2.253,0,16,1,830,2487,"CFP","Airpore Old 1"
"9950",2,929.728,4.881,0,31,1,830,2487,"CFP","Airpore Old 2"
"9951",3,929.728,3.331,0,27,1,830,2487,"CFP","Airpore Old 3"
"9952",4,929.728,7.198,0,38,1,830,2487,"CFP","Airpore Medium 1"
"9953",5,929.728,5.674,0,32,1,830,2487,"CFP","Airpore Medium 2"
"9954",6,4123.441,3.62,0,31,1,830,2487,"CFP","Background"
"9955",1,929.728,24.531,0,76,2,830,2487,"RFP","Airpore Old 1"
"9956",2,929.728,67.078,7,228,2,830,2487,"RFP","Airpore Old 2"
"9957",3,929.728,30.081,0,152,2,830,2487,"RFP","Airpore Old 3"
"9958",4,929.728,65.316,15,255,2,830,2487,"RFP","Airpore Medium 1"
"9959",5,929.728,66.339,15,189,2,830,2487,"RFP","Airpore Medium 2"
"9960",6,4123.441,36.136,0,139,2,830,2487,"RFP","Background"
"9961",1,929.728,2.318,0,16,1,831,2490,"CFP","Airpore Old 1"
"9962",2,929.728,4.907,0,43,1,831,2490,"CFP","Airpore Old 2"
"9963",3,929.728,3.5,0,32,1,831,2490,"CFP","Airpore Old 3"
"9964",4,929.728,7.272,0,39,1,831,2490,"CFP","Airpore Medium 1"
"9965",5,929.728,5.602,0,27,1,831,2490,"CFP","Airpore Medium 2"
"9966",6,4123.441,3.623,0,25,1,831,2490,"CFP","Background"
"9967",1,929.728,24.218,0,73,2,831,2490,"RFP","Airpore Old 1"
"9968",2,929.728,66.188,3,178,2,831,2490,"RFP","Airpore Old 2"
"9969",3,929.728,29.702,0,146,2,831,2490,"RFP","Airpore Old 3"
"9970",4,929.728,66.427,15,255,2,831,2490,"RFP","Airpore Medium 1"
"9971",5,929.728,66.527,15,177,2,831,2490,"RFP","Airpore Medium 2"
"9972",6,4123.441,35.983,0,117,2,831,2490,"RFP","Background"
"9973",1,929.728,2.137,0,15,1,832,2493,"CFP","Airpore Old 1"
"9974",2,929.728,4.66,0,31,1,832,2493,"CFP","Airpore Old 2"
"9975",3,929.728,3.317,0,31,1,832,2493,"CFP","Airpore Old 3"
"9976",4,929.728,7.094,0,31,1,832,2493,"CFP","Airpore Medium 1"
"9977",5,929.728,5.519,0,31,1,832,2493,"CFP","Airpore Medium 2"
"9978",6,4123.441,3.597,0,31,1,832,2493,"CFP","Background"
"9979",1,929.728,24.13,0,71,2,832,2493,"RFP","Airpore Old 1"
"9980",2,929.728,66.354,3,209,2,832,2493,"RFP","Airpore Old 2"
"9981",3,929.728,29.925,0,170,2,832,2493,"RFP","Airpore Old 3"
"9982",4,929.728,66.011,12,255,2,832,2493,"RFP","Airpore Medium 1"
"9983",5,929.728,66.612,15,155,2,832,2493,"RFP","Airpore Medium 2"
"9984",6,4123.441,36.106,0,130,2,832,2493,"RFP","Background"
"9985",1,929.728,2.101,0,28,1,833,2496,"CFP","Airpore Old 1"
"9986",2,929.728,4.753,0,48,1,833,2496,"CFP","Airpore Old 2"
"9987",3,929.728,3.344,0,27,1,833,2496,"CFP","Airpore Old 3"
"9988",4,929.728,7.018,0,27,1,833,2496,"CFP","Airpore Medium 1"
"9989",5,929.728,5.619,0,31,1,833,2496,"CFP","Airpore Medium 2"
"9990",6,4123.441,3.561,0,31,1,833,2496,"CFP","Background"
"9991",1,929.728,24.68,3,81,2,833,2496,"RFP","Airpore Old 1"
"9992",2,929.728,67.281,7,193,2,833,2496,"RFP","Airpore Old 2"
"9993",3,929.728,30.456,0,143,2,833,2496,"RFP","Airpore Old 3"
"9994",4,929.728,66.507,19,255,2,833,2496,"RFP","Airpore Medium 1"
"9995",5,929.728,66.973,15,190,2,833,2496,"RFP","Airpore Medium 2"
"9996",6,4123.441,36.159,0,128,2,833,2496,"RFP","Background"
"9997",1,929.728,2.434,0,19,1,834,2499,"CFP","Airpore Old 1"
"9998",2,929.728,4.627,0,27,1,834,2499,"CFP","Airpore Old 2"
"9999",3,929.728,3.624,0,35,1,834,2499,"CFP","Airpore Old 3"
"10000",4,929.728,7.069,0,31,1,834,2499,"CFP","Airpore Medium 1"
"10001",5,929.728,5.654,0,24,1,834,2499,"CFP","Airpore Medium 2"
"10002",6,4123.441,3.616,0,28,1,834,2499,"CFP","Background"
"10003",1,929.728,24.397,0,71,2,834,2499,"RFP","Airpore Old 1"
"10004",2,929.728,67.266,3,208,2,834,2499,"RFP","Airpore Old 2"
"10005",3,929.728,30.711,0,140,2,834,2499,"RFP","Airpore Old 3"
"10006",4,929.728,66.379,15,255,2,834,2499,"RFP","Airpore Medium 1"
"10007",5,929.728,66.577,19,183,2,834,2499,"RFP","Airpore Medium 2"
"10008",6,4123.441,35.781,0,115,2,834,2499,"RFP","Background"
"10009",1,929.728,2.2,0,20,1,835,2502,"CFP","Airpore Old 1"
"10010",2,929.728,4.748,0,35,1,835,2502,"CFP","Airpore Old 2"
"10011",3,929.728,3.416,0,28,1,835,2502,"CFP","Airpore Old 3"
"10012",4,929.728,7.137,0,31,1,835,2502,"CFP","Airpore Medium 1"
"10013",5,929.728,5.674,0,27,1,835,2502,"CFP","Airpore Medium 2"
"10014",6,4123.441,3.631,0,36,1,835,2502,"CFP","Background"
"10015",1,929.728,24.604,0,95,2,835,2502,"RFP","Airpore Old 1"
"10016",2,929.728,66.074,7,192,2,835,2502,"RFP","Airpore Old 2"
"10017",3,929.728,30.779,0,130,2,835,2502,"RFP","Airpore Old 3"
"10018",4,929.728,66.999,15,255,2,835,2502,"RFP","Airpore Medium 1"
"10019",5,929.728,67.718,19,189,2,835,2502,"RFP","Airpore Medium 2"
"10020",6,4123.441,36.207,0,127,2,835,2502,"RFP","Background"
"10021",1,929.728,2.294,0,15,1,836,2505,"CFP","Airpore Old 1"
"10022",2,929.728,4.898,0,29,1,836,2505,"CFP","Airpore Old 2"
"10023",3,929.728,3.371,0,35,1,836,2505,"CFP","Airpore Old 3"
"10024",4,929.728,6.917,0,32,1,836,2505,"CFP","Airpore Medium 1"
"10025",5,929.728,5.497,0,27,1,836,2505,"CFP","Airpore Medium 2"
"10026",6,4123.441,3.626,0,28,1,836,2505,"CFP","Background"
"10027",1,929.728,24.201,0,76,2,836,2505,"RFP","Airpore Old 1"
"10028",2,929.728,66.286,7,183,2,836,2505,"RFP","Airpore Old 2"
"10029",3,929.728,30.914,0,143,2,836,2505,"RFP","Airpore Old 3"
"10030",4,929.728,66.621,19,255,2,836,2505,"RFP","Airpore Medium 1"
"10031",5,929.728,66.423,15,187,2,836,2505,"RFP","Airpore Medium 2"
"10032",6,4123.441,36.111,0,120,2,836,2505,"RFP","Background"
"10033",1,929.728,2.119,0,25,1,837,2508,"CFP","Airpore Old 1"
"10034",2,929.728,4.894,0,31,1,837,2508,"CFP","Airpore Old 2"
"10035",3,929.728,3.452,0,24,1,837,2508,"CFP","Airpore Old 3"
"10036",4,929.728,7.032,0,31,1,837,2508,"CFP","Airpore Medium 1"
"10037",5,929.728,5.718,0,37,1,837,2508,"CFP","Airpore Medium 2"
"10038",6,4123.441,3.61,0,24,1,837,2508,"CFP","Background"
"10039",1,929.728,24.153,0,68,2,837,2508,"RFP","Airpore Old 1"
"10040",2,929.728,66.399,3,182,2,837,2508,"RFP","Airpore Old 2"
"10041",3,929.728,30.495,0,143,2,837,2508,"RFP","Airpore Old 3"
"10042",4,929.728,66.215,15,255,2,837,2508,"RFP","Airpore Medium 1"
"10043",5,929.728,66.853,19,176,2,837,2508,"RFP","Airpore Medium 2"
"10044",6,4123.441,35.944,0,134,2,837,2508,"RFP","Background"
"10045",1,929.728,2.066,0,16,1,838,2511,"CFP","Airpore Old 1"
"10046",2,929.728,4.909,0,33,1,838,2511,"CFP","Airpore Old 2"
"10047",3,929.728,3.411,0,27,1,838,2511,"CFP","Airpore Old 3"
"10048",4,929.728,7.064,0,28,1,838,2511,"CFP","Airpore Medium 1"
"10049",5,929.728,5.459,0,31,1,838,2511,"CFP","Airpore Medium 2"
"10050",6,4123.441,3.583,0,31,1,838,2511,"CFP","Background"
"10051",1,929.728,24.053,0,102,2,838,2511,"RFP","Airpore Old 1"
"10052",2,929.728,66.345,7,174,2,838,2511,"RFP","Airpore Old 2"
"10053",3,929.728,30.34,0,155,2,838,2511,"RFP","Airpore Old 3"
"10054",4,929.728,66.392,11,255,2,838,2511,"RFP","Airpore Medium 1"
"10055",5,929.728,67.024,16,170,2,838,2511,"RFP","Airpore Medium 2"
"10056",6,4123.441,36.167,0,140,2,838,2511,"RFP","Background"
"10057",1,929.728,2.325,0,16,1,839,2514,"CFP","Airpore Old 1"
"10058",2,929.728,4.61,0,31,1,839,2514,"CFP","Airpore Old 2"
"10059",3,929.728,3.253,0,27,1,839,2514,"CFP","Airpore Old 3"
"10060",4,929.728,7.097,0,27,1,839,2514,"CFP","Airpore Medium 1"
"10061",5,929.728,5.609,0,27,1,839,2514,"CFP","Airpore Medium 2"
"10062",6,4123.441,3.587,0,37,1,839,2514,"CFP","Background"
"10063",1,929.728,23.745,0,84,2,839,2514,"RFP","Airpore Old 1"
"10064",2,929.728,67.635,7,195,2,839,2514,"RFP","Airpore Old 2"
"10065",3,929.728,30.326,0,138,2,839,2514,"RFP","Airpore Old 3"
"10066",4,929.728,67.133,15,255,2,839,2514,"RFP","Airpore Medium 1"
"10067",5,929.728,67.684,19,185,2,839,2514,"RFP","Airpore Medium 2"
"10068",6,4123.441,36.197,0,121,2,839,2514,"RFP","Background"
"10069",1,929.728,1.685,0,19,1,840,2517,"CFP","Airpore Old 1"
"10070",2,929.728,4.216,0,31,1,840,2517,"CFP","Airpore Old 2"
"10071",3,929.728,1.922,0,23,1,840,2517,"CFP","Airpore Old 3"
"10072",4,929.728,4.206,0,31,1,840,2517,"CFP","Airpore Medium 1"
"10073",5,929.728,3.557,0,39,1,840,2517,"CFP","Airpore Medium 2"
"10074",6,4123.441,2.742,0,27,1,840,2517,"CFP","Background"
"10075",1,929.728,23.101,0,144,2,840,2517,"RFP","Airpore Old 1"
"10076",2,929.728,66.682,0,227,2,840,2517,"RFP","Airpore Old 2"
"10077",3,929.728,21.505,0,80,2,840,2517,"RFP","Airpore Old 3"
"10078",4,929.728,45.333,0,130,2,840,2517,"RFP","Airpore Medium 1"
"10079",5,929.728,55.617,0,143,2,840,2517,"RFP","Airpore Medium 2"
"10080",6,4123.441,35.14,0,118,2,840,2517,"RFP","Background"
